-10 3.07209e-06
-9.85 4.81798e-06
-9.7 7.55605e-06
-9.55 1.18501e-05
-9.4 1.85845e-05
-9.25 2.91456e-05
-9.1 4.57079e-05
-8.95 7.16806e-05
-8.8 0.000112408
-8.65 0.000176269
-8.5 0.000276389
-8.35 0.000433329
-8.2 0.00067926
-8.05 0.00106447
-7.9 0.0016674
-7.75 0.00261006
-7.6 0.00408129
-7.45 0.00637117
-7.3 0.00992015
-7.15 0.0153844
-7 0.0237129
-6.85 0.0362132
-6.7 0.0545484
-6.55 0.0805545
-6.4 0.115738
-6.25 0.160411
-6.1 0.212779
-5.95 0.268715
-5.8 0.322828
-5.65 0.370387
-5.5 0.408787
-5.35 0.437723
-5.2 0.458414
-5.05 0.472659
-4.9 0.482214
-4.75 0.488511
-4.6 0.492613
-4.45 0.495264
-4.3 0.49697
-4.15 0.498064
-4 0.498764
-3.85 0.499211
-3.7 0.499497
-3.55 0.499679
-3.4 0.499795
-3.25 0.499869
-3.1 0.499917
-2.95 0.499928
-2.8 0.499888
-2.65 0.499824
-2.5 0.499724
-2.35 0.499567
-2.2 0.499321
-2.05 0.498936
-1.9 0.498333
-1.75 0.49739
-1.6 0.495919
-1.45 0.493629
-1.3 0.49008
-1.15 0.484616
-1 0.476287
-0.85 0.463787
-0.7 0.445452
-0.55 0.419446
-0.4 0.384262
-0.25 0.339589
-0.1 0.287221
0.05 0.231285
0.2 0.177172
0.35 0.129613
0.5 0.0912128
0.65 0.0622767
0.8 0.0415863
0.95 0.0273407
1.1 0.0177856
1.25 0.0114887
1.4 0.00738702
1.55 0.00473552
1.7 0.0030299
1.85 0.0019362
2 0.00123631
2.15 0.000789014
2.3 0.000503385
2.45 0.00032109
2.6 0.000204784
2.75 0.000130595
2.9 8.3279e-05
3.05 5.31043e-05
3.2 3.38621e-05
3.35 2.15919e-05
3.5 1.37678e-05
3.65 8.77885e-06
3.8 5.59768e-06
3.95 3.56925e-06
4.1 2.27586e-06
4.25 1.45116e-06
4.4 9.25299e-07
4.55 5.89997e-07
4.7 3.76199e-07
4.85 2.39875e-07
5 1.52951e-07
