3 0.000187022
4 0.000331161
5 0.000518212
6 0.000745727
7 0.00102719
8 0.00132057
9 0.00167504
10 0.00209651
11 0.0025198
12 0.00297734
13 0.00351006
14 0.00411097
15 0.00468288
16 0.00535608
17 0.00599624
18 0.00671895
19 0.00751151
20 0.00833701
21 0.00925658
22 0.0101144
23 0.0110529
24 0.0120482
25 0.0130035
26 0.0141132
27 0.0153992
28 0.0162892
29 0.0178661
30 0.019841
31 0.0199465
32 0.021201
33 0.0226666
34 0.0241682
35 0.0254679
36 0.0270208
37 0.0286395
38 0.0300312
39 0.0317357
40 0.0335218
