3 6.7924e-05
4 9.132e-05
5 0.000113721
6 0.000138658
7 0.000169088
8 0.000192328
9 0.000214822
10 0.000243235
11 0.000273022
12 0.000300603
13 0.000331325
14 0.000360905
15 0.000389632
16 0.00041907
17 0.000453284
18 0.000485013
19 0.000525266
20 0.000552068
21 0.000577903
22 0.000602274
23 0.000642492
24 0.000681835
25 0.00071321
26 0.000753388
27 0.000789833
28 0.000826349
29 0.000863919
30 0.000896467
31 0.000938757
32 0.000984586
33 0.00101843
34 0.00108639
35 0.00109382
36 0.00114568
37 0.00118431
38 0.00123911
39 0.00128896
40 0.00132435
