-4.99998 -4.8136 -4.62724 -4.44099 -4.25488 -4.06897 -3.88327 -3.69784 -3.51269 -3.32785 -3.14335 -2.95919 -2.77535 -2.59184 -2.40868 -2.22583 -2.04329 -1.86102 -1.67903 -1.49724 -1.31562 -1.13421 -0.952906 -0.771702 -0.590567 -0.409433 -0.228298 -0.0470939 0.134213 0.315622 0.497238 0.679025 0.861019 1.04329 1.22583 1.40868 1.59184 1.77535 1.95919 2.14335 2.32785 2.51269 2.69784 2.88327 3.06897 3.25488 3.44099 3.62724 3.8136 3.99998
-4.95917 -4.7745 -4.58987 -4.40534 -4.22094 -4.03674 -3.85275 -3.66902 -3.48557 -3.30242 -3.1196 -2.93712 -2.75494 -2.5731 -2.39159 -2.21039 -2.02949 -1.84886 -1.6685 -1.48834 -1.30835 -1.12856 -0.948869 -0.769281 -0.58976 -0.41024 -0.230719 -0.0511307 0.128558 0.308348 0.48834 0.6685 0.848861 1.02949 1.21039 1.39159 1.5731 1.75494 1.93712 2.1196 2.30242 2.48557 2.66902 2.85275 3.03674 3.22094 3.40534 3.58987 3.7745 3.95917
-4.91835 -4.73541 -4.55249 -4.36968 -4.187 -4.00451 -3.82223 -3.64021 -3.45845 -3.27698 -3.09585 -2.91504 -2.73454 -2.55436 -2.37451 -2.19495 -2.0157 -1.8367 -1.65797 -1.47944 -1.30107 -1.1229 -0.944832 -0.76686 -0.588953 -0.411047 -0.23314 -0.0551675 0.122904 0.301074 0.479442 0.657974 0.836704 1.0157 1.19495 1.37451 1.55436 1.73454 1.91504 2.09585 2.27698 2.45845 2.64021 2.82223 3.00451 3.187 3.36968 3.55249 3.73541 3.91835
-4.87753 -4.69631 -4.51512 -4.33402 -4.15306 -3.97229 -3.79171 -3.61139 -3.43132 -3.25155 -3.0721 -2.89297 -2.71413 -2.53561 -2.35742 -2.17952 -2.0019 -1.82455 -1.64745 -1.47054 -1.2938 -1.11725 -0.940796 -0.764439 -0.588146 -0.411854 -0.235561 -0.0592043 0.117249 0.2938 0.470543 0.647448 0.824546 1.0019 1.17952 1.35742 1.53561 1.71413 1.89297 2.0721 2.25155 2.43132 2.61139 2.79171 2.97229 3.15306 3.33402 3.51512 3.69631 3.87753
-4.83672 -4.65722 -4.47775 -4.29837 -4.11912 -3.94006 -3.76119 -3.58257 -3.4042 -3.22612 -3.04835 -2.8709 -2.69373 -2.51687 -2.34033 -2.16408 -1.98811 -1.81239 -1.63692 -1.46165 -1.28653 -1.11159 -0.936759 -0.762017 -0.587339 -0.412661 -0.237983 -0.0632411 0.111595 0.286525 0.461645 0.636922 0.812389 0.988108 1.16408 1.34033 1.51687 1.69373 1.8709 2.04835 2.22612 2.4042 2.58257 2.76119 2.94006 3.11912 3.29837 3.47775 3.65722 3.83672
-4.7959 -4.61812 -4.44037 -4.26271 -4.08518 -3.90783 -3.73067 -3.55375 -3.37708 -3.20068 -3.0246 -2.84882 -2.67332 -2.49813 -2.32325 -2.14864 -1.97431 -1.80023 -1.6264 -1.45275 -1.27925 -1.10594 -0.932722 -0.759596 -0.586532 -0.413468 -0.240404 -0.067278 0.10594 0.279251 0.452747 0.626397 0.800232 0.974313 1.14864 1.32325 1.49813 1.67332 1.84882 2.0246 2.20068 2.37708 2.55375 2.73067 2.90783 3.08518 3.26271 3.44037 3.61812 3.7959
-4.75509 -4.57903 -4.403 -4.22706 -4.05124 -3.8756 -3.70015 -3.52493 -3.34995 -3.17525 -3.00085 -2.82675 -2.65292 -2.47939 -2.30616 -2.1332 -1.96052 -1.78807 -1.61587 -1.44385 -1.27198 -1.10029 -0.928685 -0.757175 -0.585725 -0.414275 -0.242825 -0.0713148 0.100286 0.271977 0.443849 0.615871 0.788074 0.960518 1.1332 1.30616 1.47939 1.65292 1.82675 2.00085 2.17525 2.34995 2.52493 2.70015 2.8756 3.05124 3.22706 3.403 3.57903 3.75509
-4.71427 -4.53993 -4.36562 -4.1914 -4.0173 -3.84337 -3.66962 -3.49611 -3.32283 -3.14982 -2.9771 -2.80467 -2.63251 -2.46065 -2.28907 -2.11777 -1.94672 -1.77592 -1.60535 -1.43495 -1.2647 -1.09463 -0.924648 -0.754754 -0.584918 -0.415082 -0.245246 -0.0753516 0.0946314 0.264703 0.43495 0.605345 0.775917 0.946724 1.11777 1.28907 1.46065 1.63251 1.80467 1.9771 2.14982 2.32283 2.49611 2.66962 2.84337 3.0173 3.1914 3.36562 3.53993 3.71427
-4.67346 -4.50084 -4.32825 -4.15575 -3.98336 -3.81115 -3.6391 -3.46729 -3.29571 -3.12438 -2.95335 -2.7826 -2.61211 -2.4419 -2.27199 -2.10233 -1.93293 -1.76376 -1.59482 -1.42605 -1.25743 -1.08898 -0.920612 -0.752332 -0.584111 -0.415889 -0.247668 -0.0793884 0.0889769 0.257428 0.426052 0.59482 0.763759 0.932929 1.10233 1.27199 1.4419 1.61211 1.7826 1.95335 2.12438 2.29571 2.46729 2.6391 2.81115 2.98336 3.15575 3.32825 3.50084 3.67346
-4.63264 -4.46174 -4.29088 -4.12009 -3.94942 -3.77892 -3.60858 -3.43847 -3.26859 -3.09895 -2.9296 -2.76052 -2.5917 -2.42316 -2.2549 -2.08689 -1.91913 -1.7516 -1.58429 -1.41715 -1.25015 -1.08332 -0.916575 -0.749911 -0.583304 -0.416696 -0.250089 -0.0834252 0.0833224 0.250154 0.417154 0.584294 0.751602 0.919134 1.08689 1.2549 1.42316 1.5917 1.76052 1.9296 2.09895 2.26859 2.43847 2.60858 2.77892 2.94942 3.12009 3.29088 3.46174 3.63264
-4.59182 -4.42265 -4.2535 -4.08444 -3.91548 -3.74669 -3.57806 -3.40965 -3.24146 -3.07352 -2.90585 -2.73845 -2.5713 -2.40442 -2.23781 -2.07145 -1.90534 -1.73944 -1.57377 -1.40826 -1.24288 -1.07767 -0.912538 -0.74749 -0.582497 -0.417503 -0.25251 -0.0874621 0.0776679 0.24288 0.408256 0.573768 0.739445 0.90534 1.07145 1.23781 1.40442 1.5713 1.73845 1.90585 2.07352 2.24146 2.40965 2.57806 2.74669 2.91548 3.08444 3.2535 3.42265 3.59182
-4.55101 -4.38355 -4.21613 -4.04878 -3.88154 -3.71446 -3.54754 -3.38083 -3.21434 -3.04809 -2.8821 -2.71638 -2.55089 -2.38568 -2.22073 -2.05602 -1.89155 -1.72729 -1.56324 -1.39936 -1.23561 -1.07201 -0.908501 -0.745069 -0.58169 -0.41831 -0.254931 -0.0914989 0.0720134 0.235606 0.399357 0.563242 0.727287 0.891545 1.05602 1.22073 1.38568 1.55089 1.71638 1.8821 2.04809 2.21434 2.38083 2.54754 2.71446 2.88154 3.04878 3.21613 3.38355 3.55101
-4.51019 -4.34446 -4.17875 -4.01313 -3.8476 -3.68223 -3.51702 -3.35202 -3.18722 -3.02265 -2.85835 -2.6943 -2.53049 -2.36693 -2.20364 -2.04058 -1.87775 -1.71513 -1.55272 -1.39046 -1.22833 -1.06636 -0.904464 -0.742647 -0.580882 -0.419118 -0.257353 -0.0955357 0.0663589 0.228331 0.390459 0.552717 0.71513 0.87775 1.04058 1.20364 1.36693 1.53049 1.6943 1.85835 2.02265 2.18722 2.35202 2.51702 2.68223 2.8476 3.01313 3.17875 3.34446 3.51019
-4.46938 -4.30537 -4.14138 -3.97747 -3.81366 -3.65001 -3.4865 -3.3232 -3.16009 -2.99722 -2.8346 -2.67223 -2.51008 -2.34819 -2.18655 -2.02514 -1.86396 -1.70297 -1.54219 -1.38156 -1.22106 -1.0607 -0.900427 -0.740226 -0.580075 -0.419925 -0.259774 -0.0995725 0.0607044 0.221057 0.381561 0.542191 0.702972 0.863956 1.02514 1.18655 1.34819 1.51008 1.67223 1.8346 1.99722 2.16009 2.3232 2.4865 2.65001 2.81366 2.97747 3.14138 3.30537 3.46938
-4.42856 -4.26627 -4.10401 -3.94182 -3.77972 -3.61778 -3.45598 -3.29438 -3.13297 -2.97179 -2.81085 -2.65015 -2.48968 -2.32945 -2.16947 -2.0097 -1.85016 -1.69082 -1.53167 -1.37266 -1.21378 -1.05505 -0.896391 -0.737805 -0.579268 -0.420732 -0.262195 -0.103609 0.0550499 0.213783 0.372663 0.531665 0.690815 0.850161 1.0097 1.16947 1.32945 1.48968 1.65015 1.81085 1.97179 2.13297 2.29438 2.45598 2.61778 2.77972 2.94182 3.10401 3.26627 3.42856
-4.38774 -4.22718 -4.06663 -3.90616 -3.74578 -3.58555 -3.42546 -3.26556 -3.10585 -2.94635 -2.7871 -2.62808 -2.46927 -2.31071 -2.15238 -1.99427 -1.83637 -1.67866 -1.52114 -1.36376 -1.20651 -1.0494 -0.892354 -0.735384 -0.578461 -0.421539 -0.264616 -0.107646 0.0493954 0.206509 0.363765 0.52114 0.678658 0.836366 0.994265 1.15238 1.31071 1.46927 1.62808 1.7871 1.94635 2.10585 2.26556 2.42546 2.58555 2.74578 2.90616 3.06663 3.22718 3.38774
-4.34693 -4.18808 -4.02926 -3.8705 -3.71184 -3.55332 -3.39494 -3.23674 -3.07873 -2.92092 -2.76335 -2.606 -2.44887 -2.29196 -2.13529 -1.97883 -1.82257 -1.6665 -1.51061 -1.35487 -1.19923 -1.04374 -0.888317 -0.732962 -0.577654 -0.422346 -0.267038 -0.111683 0.043741 0.199234 0.354866 0.510614 0.6665 0.822572 0.978828 1.13529 1.29196 1.44887 1.606 1.76335 1.92092 2.07873 2.23674 2.39494 2.55332 2.71184 2.8705 3.02926 3.18808 3.34693
-4.30611 -4.14899 -3.99188 -3.83485 -3.6779 -3.52109 -3.36442 -3.20792 -3.0516 -2.89549 -2.7396 -2.58393 -2.42846 -2.27322 -2.11821 -1.96339 -1.80878 -1.65434 -1.50009 -1.34597 -1.19196 -1.03809 -0.88428 -0.730541 -0.576847 -0.423153 -0.269459 -0.11572 0.0380865 0.19196 0.345968 0.500088 0.654343 0.808777 0.96339 1.11821 1.27322 1.42846 1.58393 1.7396 1.89549 2.0516 2.20792 2.36442 2.52109 2.6779 2.83485 2.99188 3.14899 3.30611
-4.2653 -4.10989 -3.95451 -3.79919 -3.64396 -3.48887 -3.3339 -3.1791 -3.02448 -2.87005 -2.71585 -2.56185 -2.40806 -2.25448 -2.10112 -1.94795 -1.79498 -1.64219 -1.48956 -1.33707 -1.18469 -1.03243 -0.880243 -0.72812 -0.57604 -0.42396 -0.27188 -0.119757 0.032432 0.184686 0.33707 0.489562 0.642185 0.794982 0.947953 1.10112 1.25448 1.40806 1.56185 1.71585 1.87005 2.02448 2.1791 2.3339 2.48887 2.64396 2.79919 2.95451 3.10989 3.2653
-4.22448 -4.0708 -3.91714 -3.76354 -3.61003 -3.45664 -3.30338 -3.15028 -2.99736 -2.84462 -2.6921 -2.53978 -2.38765 -2.23574 -2.08403 -1.93252 -1.78119 -1.63003 -1.47904 -1.32817 -1.17741 -1.02678 -0.876207 -0.725699 -0.575233 -0.424767 -0.274301 -0.123793 0.0267775 0.177411 0.328172 0.479037 0.630028 0.781188 0.932515 1.08403 1.23574 1.38765 1.53978 1.6921 1.84462 1.99736 2.15028 2.30338 2.45664 2.61003 2.76354 2.91714 3.0708 3.22448
-4.18366 -4.0317 -3.87976 -3.72788 -3.57609 -3.42441 -3.27286 -3.12146 -2.97023 -2.81919 -2.66835 -2.51771 -2.36725 -2.217 -2.06695 -1.91708 -1.76739 -1.61787 -1.46851 -1.31927 -1.17014 -1.02112 -0.87217 -0.723277 -0.574426 -0.425574 -0.276723 -0.12783 0.021123 0.170137 0.319273 0.468511 0.617871 0.767393 0.917078 1.06695 1.217 1.36725 1.51771 1.66835 1.81919 1.97023 2.12146 2.27286 2.42441 2.57609 2.72788 2.87976 3.0317 3.18366
-4.14285 -3.99261 -3.84239 -3.69223 -3.54215 -3.39218 -3.24233 -3.09264 -2.94311 -2.79376 -2.6446 -2.49563 -2.34684 -2.19825 -2.04986 -1.90164 -1.7536 -1.60571 -1.45799 -1.31038 -1.16286 -1.01547 -0.868133 -0.720856 -0.573619 -0.426381 -0.279144 -0.131867 0.0154685 0.162863 0.310375 0.457985 0.605713 0.753598 0.90164 1.04986 1.19825 1.34684 1.49563 1.6446 1.79376 1.94311 2.09264 2.24233 2.39218 2.54215 2.69223 2.84239 2.99261 3.14285
-4.10203 -3.95351 -3.80501 -3.65657 -3.50821 -3.35995 -3.21181 -3.06383 -2.91599 -2.76832 -2.62085 -2.47356 -2.32644 -2.17951 -2.03277 -1.8862 -1.7398 -1.59356 -1.44746 -1.30148 -1.15559 -1.00981 -0.864096 -0.718435 -0.572812 -0.427188 -0.281565 -0.135904 0.00981403 0.155589 0.301477 0.44746 0.593556 0.739803 0.886202 1.03277 1.17951 1.32644 1.47356 1.62085 1.76832 1.91599 2.06383 2.21181 2.35995 2.50821 2.65657 2.80501 2.95351 3.10203
-4.06122 -3.91442 -3.76764 -3.62092 -3.47427 -3.32773 -3.18129 -3.03501 -2.88887 -2.74289 -2.5971 -2.45148 -2.30603 -2.16077 -2.01568 -1.87076 -1.72601 -1.5814 -1.43693 -1.29258 -1.14831 -1.00416 -0.860059 -0.716014 -0.572005 -0.427995 -0.283986 -0.139941 0.00415954 0.148314 0.292579 0.436934 0.581398 0.726009 0.870765 1.01568 1.16077 1.30603 1.45148 1.5971 1.74289 1.88887 2.03501 2.18129 2.32773 2.47427 2.62092 2.76764 2.91442 3.06122
-4.0204 -3.87532 -3.73027 -3.58526 -3.44033 -3.2955 -3.15077 -3.00619 -2.86174 -2.71746 -2.57335 -2.42941 -2.28563 -2.14203 -1.9986 -1.85533 -1.71221 -1.56924 -1.42641 -1.28368 -1.14104 -0.998505 -0.856022 -0.713592 -0.571197 -0.428803 -0.286408 -0.143978 -0.00149494 0.14104 0.28368 0.426408 0.569241 0.712214 0.855327 0.998598 1.14203 1.28563 1.42941 1.57335 1.71746 1.86174 2.00619 2.15077 2.2955 2.44033 2.58526 2.73027 2.87532 3.0204
-3.97958 -3.83623 -3.69289 -3.54961 -3.40639 -3.26327 -3.12025 -2.97737 -2.83462 -2.69202 -2.5496 -2.40733 -2.26523 -2.12328 -1.98151 -1.83989 -1.69842 -1.55708 -1.41588 -1.27478 -1.13377 -0.992851 -0.851986 -0.711171 -0.57039 -0.42961 -0.288829 -0.148014 -0.00714943 0.133766 0.274782 0.415882 0.557084 0.698419 0.83989 0.981511 1.12328 1.26523 1.40733 1.5496 1.69202 1.83462 1.97737 2.12025 2.26327 2.40639 2.54961 2.69289 2.83623 2.97958
-3.93877 -3.79714 -3.65552 -3.51395 -3.37245 -3.23104 -3.08973 -2.94855 -2.8075 -2.66659 -2.52585 -2.38526 -2.24482 -2.10454 -1.96442 -1.82445 -1.68462 -1.54493 -1.40536 -1.26588 -1.12649 -0.987196 -0.847949 -0.70875 -0.569583 -0.430417 -0.29125 -0.152051 -0.0128039 0.126492 0.265884 0.405357 0.544926 0.684625 0.824452 0.964425 1.10454 1.24482 1.38526 1.52585 1.66659 1.8075 1.94855 2.08973 2.23104 2.37245 2.51395 2.65552 2.79714 2.93877
-3.89795 -3.75804 -3.61815 -3.4783 -3.33851 -3.19881 -3.05921 -2.91973 -2.78038 -2.64116 -2.50209 -2.36319 -2.22442 -2.0858 -1.94734 -1.80901 -1.67083 -1.53277 -1.39483 -1.25699 -1.11922 -0.981542 -0.843912 -0.706329 -0.568776 -0.431224 -0.293671 -0.156088 -0.0184584 0.119217 0.256986 0.394831 0.532769 0.67083 0.809015 0.947338 1.0858 1.22442 1.36319 1.50209 1.64116 1.78038 1.91973 2.05921 2.19881 2.33851 2.4783 2.61815 2.75804 2.89795
-3.85714 -3.71895 -3.58077 -3.44264 -3.30457 -3.16659 -3.02869 -2.89091 -2.75325 -2.61573 -2.47834 -2.34111 -2.20401 -2.06706 -1.93025 -1.79358 -1.65704 -1.52061 -1.38431 -1.24809 -1.11194 -0.975887 -0.839875 -0.703907 -0.567969 -0.432031 -0.296093 -0.160125 -0.0241129 0.111943 0.248087 0.384305 0.520611 0.657035 0.793577 0.930251 1.06706 1.20401 1.34111 1.47834 1.61573 1.75325 1.89091 2.02869 2.16659 2.30457 2.44264 2.58077 2.71895 2.85714
-3.81632 -3.67985 -3.5434 -3.40699 -3.27063 -3.13436 -2.99817 -2.86209 -2.72613 -2.59029 -2.45459 -2.31904 -2.18361 -2.04832 -1.91316 -1.77814 -1.64324 -1.50845 -1.37378 -1.23919 -1.10467 -0.970233 -0.835838 -0.701486 -0.567162 -0.432838 -0.298514 -0.164162 -0.0297674 0.104669 0.239189 0.37378 0.508454 0.643241 0.778139 0.913164 1.04832 1.18361 1.31904 1.45459 1.59029 1.72613 1.86209 1.99817 2.13436 2.27063 2.40699 2.5434 2.67985 2.81632
-3.7755 -3.64076 -3.50602 -3.37133 -3.23669 -3.10213 -2.96765 -2.83327 -2.69901 -2.56486 -2.43084 -2.29696 -2.1632 -2.02957 -1.89608 -1.7627 -1.62945 -1.4963 -1.36325 -1.23029 -1.09739 -0.964578 -0.831802 -0.699065 -0.566355 -0.433645 -0.300935 -0.168198 -0.0354219 0.0973946 0.230291 0.363254 0.496297 0.629446 0.762702 0.896077 1.02957 1.1632 1.29696 1.43084 1.56486 1.69901 1.83327 1.96765 2.10213 2.23669 2.37133 2.50602 2.64076 2.7755
-3.73469 -3.60166 -3.46865 -3.33567 -3.20275 -3.0699 -2.93713 -2.80446 -2.67188 -2.53943 -2.40709 -2.27489 -2.1428 -2.01083 -1.87899 -1.74726 -1.61565 -1.48414 -1.35273 -1.22139 -1.09012 -0.958924 -0.827765 -0.696644 -0.565548 -0.434452 -0.303356 -0.172235 -0.0410764 0.0901204 0.221393 0.352728 0.484139 0.615651 0.747264 0.878991 1.01083 1.1428 1.27489 1.40709 1.53943 1.67188 1.80446 1.93713 2.0699 2.20275 2.33567 2.46865 2.60166 2.73469
-3.69387 -3.56257 -3.43128 -3.30002 -3.16881 -3.03767 -2.90661 -2.77564 -2.64476 -2.51399 -2.38334 -2.25281 -2.12239 -1.99209 -1.8619 -1.73183 -1.60186 -1.47198 -1.3422 -1.21249 -1.08285 -0.953269 -0.823728 -0.694222 -0.564741 -0.435259 -0.305778 -0.176272 -0.0467308 0.0828461 0.212494 0.342202 0.471982 0.601857 0.731827 0.861904 0.992088 1.12239 1.25281 1.38334 1.51399 1.64476 1.77564 1.90661 2.03767 2.16881 2.30002 2.43128 2.56257 2.69387
-3.65306 -3.52347 -3.3939 -3.26436 -3.13487 -3.00544 -2.87609 -2.74682 -2.61764 -2.48856 -2.35959 -2.23074 -2.10199 -1.97335 -1.84482 -1.71639 -1.58806 -1.45982 -1.33168 -1.2036 -1.07557 -0.947615 -0.819691 -0.691801 -0.563934 -0.436066 -0.308199 -0.180309 -0.0523853 0.0755718 0.203596 0.331677 0.459824 0.588062 0.716389 0.844817 0.973346 1.10199 1.23074 1.35959 1.48856 1.61764 1.74682 1.87609 2.00544 2.13487 2.26436 2.3939 2.52347 2.65306
-3.61224 -3.48438 -3.35653 -3.22871 -3.10093 -2.97322 -2.84557 -2.718 -2.59052 -2.46313 -2.33584 -2.20867 -2.08158 -1.9546 -1.82773 -1.70095 -1.57427 -1.44767 -1.32115 -1.1947 -1.0683 -0.94196 -0.815654 -0.68938 -0.563127 -0.436873 -0.31062 -0.184346 -0.0580398 0.0682976 0.194698 0.321151 0.447667 0.574267 0.700951 0.82773 0.954604 1.08158 1.20867 1.33584 1.46313 1.59052 1.718 1.84557 1.97322 2.10093 2.22871 2.35653 2.48438 2.61224
-3.57142 -3.44528 -3.31915 -3.19305 -3.06699 -2.94099 -2.81504 -2.68918 -2.56339 -2.43769 -2.31209 -2.18659 -2.06118 -1.93586 -1.81064 -1.68551 -1.56047 -1.43551 -1.31063 -1.1858 -1.06102 -0.936306 -0.811617 -0.686959 -0.56232 -0.43768 -0.313041 -0.188383 -0.0636943 0.0610233 0.1858 0.310625 0.43551 0.560473 0.685514 0.810643 0.935861 1.06118 1.18659 1.31209 1.43769 1.56339 1.68918 1.81504 1.94099 2.06699 2.19305 2.31915 2.44528 2.57142
-3.53061 -3.40619 -3.28178 -3.1574 -3.03305 -2.90876 -2.78452 -2.66036 -2.53627 -2.41226 -2.28834 -2.16452 -2.04077 -1.91712 -1.79356 -1.67008 -1.54668 -1.42335 -1.3001 -1.1769 -1.05375 -0.930651 -0.807581 -0.684537 -0.561512 -0.438488 -0.315463 -0.192419 -0.0693488 0.0537491 0.176902 0.3001 0.423352 0.546678 0.670076 0.793557 0.917119 1.04077 1.16452 1.28834 1.41226 1.53627 1.66036 1.78452 1.90876 2.03305 2.1574 2.28178 2.40619 2.53061
-3.48979 -3.36709 -3.24441 -3.12174 -2.99911 -2.87653 -2.754 -2.63154 -2.50915 -2.38683 -2.26459 -2.14244 -2.02037 -1.89838 -1.77647 -1.65464 -1.53288 -1.41119 -1.28957 -1.168 -1.04647 -0.924997 -0.803544 -0.682116 -0.560705 -0.439295 -0.317884 -0.196456 -0.0750033 0.0464748 0.168003 0.289574 0.411195 0.532883 0.654639 0.77647 0.898377 1.02037 1.14244 1.26459 1.38683 1.50915 1.63154 1.754 1.87653 1.99911 2.12174 2.24441 2.36709 2.48979
-3.44898 -3.328 -3.20703 -3.08609 -2.96517 -2.8443 -2.72348 -2.60272 -2.48202 -2.3614 -2.24084 -2.12037 -1.99996 -1.87963 -1.75938 -1.6392 -1.51909 -1.39904 -1.27905 -1.15911 -1.0392 -0.919342 -0.799507 -0.679695 -0.559898 -0.440102 -0.320305 -0.200493 -0.0806578 0.0392005 0.159105 0.279048 0.399038 0.519088 0.639201 0.759383 0.879635 0.999963 1.12037 1.24084 1.3614 1.48202 1.60272 1.72348 1.8443 1.96517 2.08609 2.20703 2.328 2.44898
-3.40816 -3.28891 -3.16966 -3.05043 -2.93123 -2.81208 -2.69296 -2.5739 -2.4549 -2.33596 -2.21709 -2.09829 -1.97956 -1.86089 -1.7423 -1.62376 -1.50529 -1.38688 -1.26852 -1.15021 -1.03193 -0.913688 -0.79547 -0.677274 -0.559091 -0.440909 -0.322726 -0.20453 -0.0863123 0.0319263 0.150207 0.268522 0.38688 0.505294 0.623764 0.742296 0.860892 0.979558 1.09829 1.21709 1.33596 1.4549 1.5739 1.69296 1.81208 1.93123 2.05043 2.16966 2.28891 2.40816
-3.36734 -3.24981 -3.13228 -3.01478 -2.89729 -2.77985 -2.66244 -2.54508 -2.42778 -2.31053 -2.19334 -2.07622 -1.95915 -1.84215 -1.72521 -1.60833 -1.4915 -1.37472 -1.258 -1.14131 -1.02465 -0.908033 -0.791433 -0.674852 -0.558284 -0.441716 -0.325148 -0.208567 -0.0919668 0.024652 0.141309 0.257997 0.374723 0.491499 0.608326 0.72521 0.84215 0.959153 1.07622 1.19334 1.31053 1.42778 1.54508 1.66244 1.77985 1.89729 2.01478 2.13228 2.24981 2.36734
-3.32653 -3.21072 -3.09491 -2.97912 -2.86335 -2.74762 -2.63192 -2.51627 -2.40066 -2.2851 -2.16959 -2.05415 -1.93875 -1.82341 -1.70812 -1.59289 -1.4777 -1.36257 -1.24747 -1.13241 -1.01738 -0.902379 -0.787397 -0.672431 -0.557477 -0.442523 -0.327569 -0.212603 -0.0976212 0.0173778 0.13241 0.247471 0.362565 0.477704 0.592888 0.708123 0.823408 0.938749 1.05415 1.16959 1.2851 1.40066 1.51627 1.63192 1.74762 1.86335 1.97912 2.09491 2.21072 2.32653
-3.28571 -3.17162 -3.05754 -2.94347 -2.82941 -2.71539 -2.6014 -2.48745 -2.37353 -2.25966 -2.14584 -2.03207 -1.91834 -1.80467 -1.69104 -1.57745 -1.46391 -1.35041 -1.23695 -1.12351 -1.0101 -0.896724 -0.78336 -0.67001 -0.55667 -0.44333 -0.32999 -0.21664 -0.103276 0.0101035 0.123512 0.236945 0.350408 0.46391 0.577451 0.691036 0.804665 0.918344 1.03207 1.14584 1.25966 1.37353 1.48745 1.6014 1.71539 1.82941 1.94347 2.05754 2.17162 2.28571
-3.2449 -3.13253 -3.02016 -2.90781 -2.79547 -2.68316 -2.57088 -2.45863 -2.34641 -2.23423 -2.12209 -2.01 -1.89794 -1.78592 -1.67395 -1.56201 -1.45012 -1.33825 -1.22642 -1.11461 -1.00283 -0.89107 -0.779323 -0.667589 -0.555863 -0.444137 -0.332411 -0.220677 -0.10893 0.00282923 0.114614 0.22642 0.338251 0.450115 0.562013 0.673949 0.785923 0.897939 1.01 1.12209 1.23423 1.34641 1.45863 1.57088 1.68316 1.79547 1.90781 2.02016 2.13253 2.2449
-3.20408 -3.09343 -2.98279 -2.87215 -2.76153 -2.65094 -2.54036 -2.42981 -2.31929 -2.2088 -2.09834 -1.98792 -1.87753 -1.76718 -1.65686 -1.54658 -1.43632 -1.32609 -1.21589 -1.10572 -0.995555 -0.885415 -0.775286 -0.665167 -0.555056 -0.444944 -0.334833 -0.224714 -0.114585 -0.00444503 0.105716 0.215894 0.326093 0.43632 0.546576 0.656862 0.767181 0.877534 0.987923 1.09834 1.2088 1.31929 1.42981 1.54036 1.65094 1.76153 1.87215 1.98279 2.09343 2.20408
-3.16326 -3.05434 -2.94541 -2.8365 -2.7276 -2.61871 -2.50984 -2.40099 -2.29216 -2.18336 -2.07459 -1.96585 -1.85713 -1.74844 -1.63978 -1.53114 -1.42253 -1.31394 -1.20537 -1.09682 -0.988281 -0.879761 -0.771249 -0.662746 -0.554249 -0.445751 -0.337254 -0.228751 -0.120239 -0.0117193 0.0968174 0.205368 0.313936 0.422526 0.531138 0.639776 0.748439 0.857129 0.965848 1.07459 1.18336 1.29216 1.40099 1.50984 1.61871 1.7276 1.8365 1.94541 2.05434 2.16326
-3.12245 -3.01524 -2.90804 -2.80084 -2.69366 -2.58648 -2.47932 -2.37217 -2.26504 -2.15793 -2.05084 -1.94377 -1.83672 -1.7297 -1.62269 -1.5157 -1.40873 -1.30178 -1.19484 -1.08792 -0.981006 -0.874106 -0.767212 -0.660325 -0.553442 -0.446558 -0.339675 -0.232788 -0.125894 -0.0189935 0.0879192 0.194842 0.301778 0.408731 0.5157 0.622689 0.729696 0.836725 0.943774 1.05084 1.15793 1.26504 1.37217 1.47932 1.58648 1.69366 1.80084 1.90804 2.01524 2.12245
-3.08163 -2.97615 -2.87067 -2.76519 -2.65972 -2.55425 -2.4488 -2.34335 -2.23792 -2.1325 -2.02709 -1.9217 -1.81632 -1.71095 -1.6056 -1.50026 -1.39494 -1.28962 -1.18432 -1.07902 -0.973732 -0.868452 -0.763176 -0.657904 -0.552635 -0.447365 -0.342096 -0.236824 -0.131548 -0.0262678 0.079021 0.184317 0.289621 0.394936 0.500263 0.605602 0.710954 0.81632 0.9217 1.02709 1.1325 1.23792 1.34335 1.4488 1.55425 1.65972 1.76519 1.87067 1.97615 2.08163
-3.04082 -2.93705 -2.83329 -2.72953 -2.62578 -2.52202 -2.41828 -2.31453 -2.2108 -2.10707 -2.00334 -1.89963 -1.79592 -1.69221 -1.58852 -1.48483 -1.38114 -1.27746 -1.17379 -1.07012 -0.966458 -0.862797 -0.759139 -0.655482 -0.551827 -0.448173 -0.344518 -0.240861 -0.137203 -0.0335421 0.0701227 0.173791 0.277464 0.381142 0.484825 0.588515 0.692212 0.795915 0.899625 1.00334 1.10707 1.2108 1.31453 1.41828 1.52202 1.62578 1.72953 1.83329 1.93705 2.04082
-3 -2.89796 -2.79592 -2.69388 -2.59184 -2.4898 -2.38776 -2.28571 -2.18367 -2.08163 -1.97959 -1.87755 -1.77551 -1.67347 -1.57143 -1.46939 -1.36735 -1.26531 -1.16327 -1.06122 -0.959184 -0.857143 -0.755102 -0.653061 -0.55102 -0.44898 -0.346939 -0.244898 -0.142857 -0.0408163 0.0612245 0.163265 0.265306 0.367347 0.469388 0.571429 0.673469 0.77551 0.877551 0.979592 1.08163 1.18367 1.28571 1.38776 1.4898 1.59184 1.69388 1.79592 1.89796 2
