-9.99997 -9.69304 -9.38612 -9.07913 -8.77221 -8.46528 -8.15829 -7.85137 -7.54438 -7.23751 -6.93082 -6.62509 -6.32245 -6.024 -5.72605 -5.42422 -5.11889 -4.81231 -4.50544 -4.19851 -3.89124 -3.58483 -3.2783 -2.97006 -2.66233 -2.35707 -2.05226 -1.74481 -1.43468 -1.12507 -0.818939 -0.517162 -0.219734 0.0755203 0.374436 0.680734 0.992925 1.30226 1.61119 1.9224 2.22338 2.51789 2.82035 3.13346 3.44188 3.74068 4.03696 4.34377 4.67016 4.99997
-9.99997 -9.69306 -9.38615 -9.07918 -8.77227 -8.46536 -8.1584 -7.85149 -7.54452 -7.23766 -6.93098 -6.62524 -6.32254 -6.02392 -5.72581 -5.42389 -5.11855 -4.81198 -4.50512 -4.19821 -3.89096 -3.58456 -3.27804 -2.96984 -2.66214 -2.35686 -2.05202 -1.74461 -1.43456 -1.12501 -0.818886 -0.51702 -0.219414 0.0760615 0.375125 0.681419 0.993486 1.30275 1.61162 1.92274 2.22382 2.51857 2.8211 3.13407 3.44244 3.74139 4.03787 4.34467 4.67064 4.99997
-9.99997 -9.69308 -9.38618 -9.07924 -8.77234 -8.46545 -8.1585 -7.8516 -7.54465 -7.23782 -6.93114 -6.6254 -6.32262 -6.02385 -5.72557 -5.42356 -5.11821 -4.81164 -4.5048 -4.19791 -3.89068 -3.58428 -3.27777 -2.96962 -2.66195 -2.35665 -2.05179 -1.7444 -1.43443 -1.12496 -0.818833 -0.516878 -0.219095 0.0766028 0.375813 0.682104 0.994047 1.30325 1.61206 1.92307 2.22426 2.51924 2.82186 3.13468 3.443 3.7421 4.03878 4.34557 4.67112 4.99997
-9.99997 -9.6931 -9.38622 -9.07929 -8.77241 -8.46553 -8.1586 -7.85172 -7.54479 -7.23797 -6.9313 -6.62555 -6.3227 -6.02378 -5.72533 -5.42324 -5.11786 -4.81131 -4.50448 -4.1976 -3.8904 -3.58401 -3.27751 -2.96939 -2.66177 -2.35645 -2.05155 -1.74419 -1.43431 -1.12491 -0.818779 -0.516736 -0.218775 0.077144 0.376501 0.682788 0.994608 1.30374 1.6125 1.92341 2.2247 2.51992 2.82261 3.13529 3.44356 3.74281 4.0397 4.34647 4.67161 4.99997
-9.99997 -9.69311 -9.38625 -9.07934 -8.77248 -8.46561 -8.1587 -7.85184 -7.54493 -7.23812 -6.93147 -6.62571 -6.32279 -6.0237 -5.72509 -5.42291 -5.11752 -4.81097 -4.50416 -4.1973 -3.89012 -3.58374 -3.27724 -2.96917 -2.66158 -2.35624 -2.05132 -1.74399 -1.43418 -1.12485 -0.818726 -0.516594 -0.218456 0.0776852 0.37719 0.683473 0.995169 1.30424 1.61294 1.92374 2.22514 2.52059 2.82336 3.13589 3.44412 3.74352 4.04061 4.34736 4.67209 4.99997
-9.99997 -9.69313 -9.38628 -9.07939 -8.77254 -8.4657 -8.1588 -7.85196 -7.54506 -7.23827 -6.93163 -6.62586 -6.32287 -6.02363 -5.72485 -5.42258 -5.11717 -4.81064 -4.50384 -4.197 -3.88985 -3.58346 -3.27698 -2.96895 -2.66139 -2.35603 -2.05109 -1.74378 -1.43406 -1.1248 -0.818673 -0.516452 -0.218137 0.0782265 0.377878 0.684158 0.99573 1.30473 1.61338 1.92407 2.22558 2.52127 2.82411 3.1365 3.44468 3.74423 4.04152 4.34826 4.67258 4.99997
-9.99997 -9.69315 -9.38632 -9.07944 -8.77261 -8.46578 -8.1589 -7.85207 -7.5452 -7.23842 -6.93179 -6.62602 -6.32295 -6.02356 -5.72461 -5.42225 -5.11683 -4.8103 -4.50352 -4.1967 -3.88957 -3.58319 -3.27671 -2.96873 -2.6612 -2.35583 -2.05085 -1.74357 -1.43393 -1.12474 -0.818619 -0.51631 -0.217817 0.0787677 0.378566 0.684842 0.996291 1.30523 1.61381 1.92441 2.22601 2.52195 2.82486 3.13711 3.44524 3.74494 4.04243 4.34916 4.67306 4.99997
-9.99998 -9.69316 -9.38635 -9.07949 -8.77268 -8.46587 -8.159 -7.85219 -7.54533 -7.23857 -6.93195 -6.62617 -6.32304 -6.02348 -5.72437 -5.42192 -5.11649 -4.80997 -4.50321 -4.19639 -3.88929 -3.58292 -3.27645 -2.96851 -2.66101 -2.35562 -2.05062 -1.74337 -1.43381 -1.12469 -0.818566 -0.516168 -0.217498 0.0793089 0.379255 0.685527 0.996852 1.30572 1.61425 1.92474 2.22645 2.52262 2.82561 3.13772 3.44581 3.74565 4.04334 4.35006 4.67354 4.99998
-9.99998 -9.69318 -9.38638 -9.07954 -8.77275 -8.46595 -8.15911 -7.85231 -7.54547 -7.23872 -6.93212 -6.62632 -6.32312 -6.02341 -5.72413 -5.4216 -5.11614 -4.80963 -4.50289 -4.19609 -3.88901 -3.58264 -3.27618 -2.96828 -2.66082 -2.35541 -2.05039 -1.74316 -1.43368 -1.12464 -0.818513 -0.516026 -0.217178 0.0798502 0.379943 0.686212 0.997412 1.30622 1.61469 1.92508 2.22689 2.5233 2.82636 3.13833 3.44637 3.74636 4.04425 4.35095 4.67403 4.99998
-9.99998 -9.6932 -9.38642 -9.07959 -8.77281 -8.46603 -8.15921 -7.85243 -7.5456 -7.23887 -6.93228 -6.62648 -6.3232 -6.02334 -5.72389 -5.42127 -5.1158 -4.8093 -4.50257 -4.19579 -3.88873 -3.58237 -3.27592 -2.96806 -2.66063 -2.35521 -2.05015 -1.74295 -1.43356 -1.12458 -0.818459 -0.515884 -0.216859 0.0803914 0.380631 0.686897 0.997973 1.30671 1.61513 1.92541 2.22733 2.52398 2.82711 3.13894 3.44693 3.74708 4.04517 4.35185 4.67451 4.99998
-9.99998 -9.69321 -9.38645 -9.07964 -8.77288 -8.46612 -8.15931 -7.85255 -7.54574 -7.23902 -6.93244 -6.62663 -6.32329 -6.02326 -5.72365 -5.42094 -5.11545 -4.80896 -4.50225 -4.19548 -3.88845 -3.5821 -3.27565 -2.96784 -2.66044 -2.355 -2.04992 -1.74275 -1.43343 -1.12453 -0.818406 -0.515742 -0.216539 0.0809327 0.381319 0.687581 0.998534 1.30721 1.61557 1.92575 2.22777 2.52465 2.82786 3.13954 3.44749 3.74779 4.04608 4.35275 4.675 4.99998
-9.99998 -9.69323 -9.38648 -9.07969 -8.77295 -8.4662 -8.15941 -7.85266 -7.54587 -7.23917 -6.9326 -6.62679 -6.32337 -6.02319 -5.72341 -5.42061 -5.11511 -4.80863 -4.50193 -4.19518 -3.88817 -3.58182 -3.27539 -2.96762 -2.66025 -2.35479 -2.04969 -1.74254 -1.43331 -1.12448 -0.818353 -0.5156 -0.21622 0.0814739 0.382008 0.688266 0.999095 1.30771 1.616 1.92608 2.22821 2.52533 2.82861 3.14015 3.44805 3.7485 4.04699 4.35365 4.67548 4.99998
-9.99998 -9.69325 -9.38652 -9.07975 -8.77302 -8.46629 -8.15951 -7.85278 -7.54601 -7.23932 -6.93276 -6.62694 -6.32345 -6.02312 -5.72317 -5.42029 -5.11477 -4.8083 -4.50161 -4.19488 -3.88789 -3.58155 -3.27512 -2.9674 -2.66006 -2.35459 -2.04945 -1.74233 -1.43319 -1.12442 -0.8183 -0.515458 -0.215901 0.0820151 0.382696 0.688951 0.999656 1.3082 1.61644 1.92641 2.22865 2.526 2.82936 3.14076 3.44861 3.74921 4.0479 4.35455 4.67597 4.99998
-9.99998 -9.69327 -9.38655 -9.0798 -8.77308 -8.46637 -8.15961 -7.8529 -7.54614 -7.23947 -6.93293 -6.6271 -6.32354 -6.02304 -5.72293 -5.41996 -5.11442 -4.80796 -4.50129 -4.19458 -3.88761 -3.58127 -3.27486 -2.96718 -2.65987 -2.35438 -2.04922 -1.74213 -1.43306 -1.12437 -0.818246 -0.515316 -0.215581 0.0825564 0.383384 0.689636 1.00022 1.3087 1.61688 1.92675 2.22909 2.52668 2.83011 3.14137 3.44917 3.74992 4.04881 4.35544 4.67645 4.99998
-9.99998 -9.69328 -9.38659 -9.07985 -8.77315 -8.46645 -8.15971 -7.85302 -7.54628 -7.23962 -6.93309 -6.62725 -6.32362 -6.02297 -5.72269 -5.41963 -5.11408 -4.80763 -4.50097 -4.19427 -3.88733 -3.581 -3.27459 -2.96695 -2.65968 -2.35417 -2.04899 -1.74192 -1.43294 -1.12432 -0.818193 -0.515174 -0.215262 0.0830976 0.384073 0.69032 1.00078 1.30919 1.61732 1.92708 2.22953 2.52736 2.83087 3.14198 3.44974 3.75063 4.04972 4.35634 4.67693 4.99998
-9.99998 -9.6933 -9.38662 -9.0799 -8.77322 -8.46654 -8.15982 -7.85314 -7.54642 -7.23977 -6.93325 -6.62741 -6.3237 -6.0229 -5.72245 -5.4193 -5.11373 -4.80729 -4.50065 -4.19397 -3.88705 -3.58073 -3.27433 -2.96673 -2.65949 -2.35397 -2.04875 -1.74172 -1.43281 -1.12426 -0.81814 -0.515032 -0.214942 0.0836388 0.384761 0.691005 1.00134 1.30969 1.61776 1.92742 2.22997 2.52803 2.83162 3.14258 3.4503 3.75134 4.05064 4.35724 4.67742 4.99998
-9.99998 -9.69332 -9.38665 -9.07995 -8.77328 -8.46662 -8.15992 -7.85325 -7.54655 -7.23992 -6.93341 -6.62756 -6.32379 -6.02282 -5.72221 -5.41898 -5.11339 -4.80696 -4.50033 -4.19367 -3.88677 -3.58045 -3.27406 -2.96651 -2.65931 -2.35376 -2.04852 -1.74151 -1.43269 -1.12421 -0.818086 -0.51489 -0.214623 0.0841801 0.385449 0.69169 1.0019 1.31018 1.6182 1.92775 2.23041 2.52871 2.83237 3.14319 3.45086 3.75205 4.05155 4.35814 4.6779 4.99998
-9.99998 -9.69333 -9.38669 -9.08 -8.77335 -8.4667 -8.16002 -7.85337 -7.54669 -7.24008 -6.93358 -6.62771 -6.32387 -6.02275 -5.72197 -5.41865 -5.11305 -4.80662 -4.50001 -4.19336 -3.88649 -3.58018 -3.27379 -2.96629 -2.65912 -2.35355 -2.04829 -1.7413 -1.43256 -1.12416 -0.818033 -0.514748 -0.214303 0.0847213 0.386138 0.692374 1.00246 1.31068 1.61863 1.92808 2.23085 2.52938 2.83312 3.1438 3.45142 3.75276 4.05246 4.35903 4.67839 4.99998
-9.99998 -9.69335 -9.38672 -9.08005 -8.77342 -8.46679 -8.16012 -7.85349 -7.54682 -7.24023 -6.93374 -6.62787 -6.32395 -6.02268 -5.72173 -5.41832 -5.1127 -4.80629 -4.49969 -4.19306 -3.88621 -3.57991 -3.27353 -2.96607 -2.65893 -2.35335 -2.04805 -1.7411 -1.43244 -1.1241 -0.81798 -0.514606 -0.213984 0.0852625 0.386826 0.693059 1.00302 1.31117 1.61907 1.92842 2.23128 2.53006 2.83387 3.14441 3.45198 3.75347 4.05337 4.35993 4.67887 4.99998
-9.99998 -9.69337 -9.38675 -9.0801 -8.77349 -8.46687 -8.16022 -7.85361 -7.54696 -7.24038 -6.9339 -6.62802 -6.32404 -6.0226 -5.72149 -5.41799 -5.11236 -4.80595 -4.49937 -4.19276 -3.88593 -3.57963 -3.27326 -2.96584 -2.65874 -2.35314 -2.04782 -1.74089 -1.43231 -1.12405 -0.817926 -0.514464 -0.213665 0.0858038 0.387514 0.693744 1.00358 1.31167 1.61951 1.92875 2.23172 2.53074 2.83462 3.14502 3.45254 3.75418 4.05428 4.36083 4.67935 4.99998
-9.99998 -9.69338 -9.38679 -9.08015 -8.77355 -8.46696 -8.16032 -7.85372 -7.54709 -7.24053 -6.93406 -6.62818 -6.32412 -6.02253 -5.72125 -5.41767 -5.11201 -4.80562 -4.49905 -4.19246 -3.88565 -3.57936 -3.273 -2.96562 -2.65855 -2.35293 -2.04759 -1.74068 -1.43219 -1.124 -0.817873 -0.514322 -0.213345 0.086345 0.388203 0.694429 1.00414 1.31216 1.61995 1.92909 2.23216 2.53141 2.83537 3.14563 3.45311 3.75489 4.05519 4.36173 4.67984 4.99998
-9.99998 -9.6934 -9.38682 -9.0802 -8.77362 -8.46704 -8.16042 -7.85384 -7.54723 -7.24068 -6.93423 -6.62833 -6.3242 -6.02246 -5.72101 -5.41734 -5.11167 -4.80528 -4.49874 -4.19215 -3.88537 -3.57909 -3.27273 -2.9654 -2.65836 -2.35273 -2.04735 -1.74048 -1.43206 -1.12394 -0.81782 -0.51418 -0.213026 0.0868862 0.388891 0.695113 1.0047 1.31266 1.62039 1.92942 2.2326 2.53209 2.83612 3.14623 3.45367 3.75561 4.05611 4.36262 4.68032 4.99998
-9.99998 -9.69342 -9.38685 -9.08026 -8.77369 -8.46712 -8.16053 -7.85396 -7.54736 -7.24083 -6.93439 -6.62849 -6.32428 -6.02239 -5.72077 -5.41701 -5.11133 -4.80495 -4.49842 -4.19185 -3.8851 -3.57881 -3.27247 -2.96518 -2.65817 -2.35252 -2.04712 -1.74027 -1.43194 -1.12389 -0.817766 -0.514038 -0.212706 0.0874275 0.389579 0.695798 1.00526 1.31315 1.62082 1.92975 2.23304 2.53277 2.83687 3.14684 3.45423 3.75632 4.05702 4.36352 4.68081 4.99998
-9.99998 -9.69344 -9.38689 -9.08031 -8.77376 -8.46721 -8.16063 -7.85408 -7.5475 -7.24098 -6.93455 -6.62864 -6.32437 -6.02231 -5.72053 -5.41668 -5.11098 -4.80462 -4.4981 -4.19155 -3.88482 -3.57854 -3.2722 -2.96496 -2.65798 -2.35231 -2.04689 -1.74006 -1.43181 -1.12384 -0.817713 -0.513896 -0.212387 0.0879687 0.390267 0.696483 1.00583 1.31365 1.62126 1.93009 2.23348 2.53344 2.83762 3.14745 3.45479 3.75703 4.05793 4.36442 4.68129 4.99998
-9.99999 -9.69345 -9.38692 -9.08036 -8.77382 -8.46729 -8.16073 -7.8542 -7.54763 -7.24113 -6.93471 -6.62879 -6.32445 -6.02224 -5.72029 -5.41635 -5.11064 -4.80428 -4.49778 -4.19124 -3.88454 -3.57827 -3.27194 -2.96473 -2.65779 -2.35211 -2.04665 -1.73986 -1.43169 -1.12378 -0.81766 -0.513754 -0.212067 0.0885099 0.390956 0.697168 1.00639 1.31415 1.6217 1.93042 2.23392 2.53412 2.83837 3.14806 3.45535 3.75774 4.05884 4.36532 4.68177 4.99999
-9.99999 -9.69347 -9.38695 -9.08041 -8.77389 -8.46738 -8.16083 -7.85431 -7.54777 -7.24128 -6.93488 -6.62895 -6.32453 -6.02217 -5.72005 -5.41603 -5.1103 -4.80395 -4.49746 -4.19094 -3.88426 -3.57799 -3.27167 -2.96451 -2.6576 -2.3519 -2.04642 -1.73965 -1.43156 -1.12373 -0.817606 -0.513612 -0.211748 0.0890512 0.391644 0.697852 1.00695 1.31464 1.62214 1.93076 2.23436 2.53479 2.83912 3.14867 3.45591 3.75845 4.05975 4.36621 4.68226 4.99999
-9.99999 -9.69349 -9.38699 -9.08046 -8.77396 -8.46746 -8.16093 -7.85443 -7.54791 -7.24143 -6.93504 -6.6291 -6.32462 -6.02209 -5.71981 -5.4157 -5.10995 -4.80361 -4.49714 -4.19064 -3.88398 -3.57772 -3.27141 -2.96429 -2.65741 -2.35169 -2.04619 -1.73944 -1.43144 -1.12368 -0.817553 -0.51347 -0.211429 0.0895924 0.392332 0.698537 1.00751 1.31514 1.62258 1.93109 2.2348 2.53547 2.83987 3.14928 3.45647 3.75916 4.06066 4.36711 4.68274 4.99999
-9.99999 -9.6935 -9.38702 -9.08051 -8.77403 -8.46754 -8.16103 -7.85455 -7.54804 -7.24158 -6.9352 -6.62926 -6.3247 -6.02202 -5.71957 -5.41537 -5.10961 -4.80328 -4.49682 -4.19034 -3.8837 -3.57745 -3.27114 -2.96407 -2.65722 -2.35149 -2.04595 -1.73924 -1.43131 -1.12362 -0.8175 -0.513328 -0.211109 0.0901336 0.393021 0.699222 1.00807 1.31563 1.62301 1.93143 2.23524 2.53615 2.84063 3.14988 3.45704 3.75987 4.06158 4.36801 4.68323 4.99999
-9.99999 -9.69352 -9.38705 -9.08056 -8.77409 -8.46763 -8.16114 -7.85467 -7.54818 -7.24173 -6.93536 -6.62941 -6.32478 -6.02195 -5.71933 -5.41504 -5.10926 -4.80294 -4.4965 -4.19003 -3.88342 -3.57717 -3.27088 -2.96385 -2.65703 -2.35128 -2.04572 -1.73903 -1.43119 -1.12357 -0.817446 -0.513186 -0.21079 0.0906749 0.393709 0.699906 1.00863 1.31613 1.62345 1.93176 2.23568 2.53682 2.84138 3.15049 3.4576 3.76058 4.06249 4.36891 4.68371 4.99999
-9.99999 -9.69354 -9.38709 -9.08061 -8.77416 -8.46771 -8.16124 -7.85479 -7.54831 -7.24188 -6.93553 -6.62957 -6.32487 -6.02187 -5.71909 -5.41472 -5.10892 -4.80261 -4.49618 -4.18973 -3.88314 -3.5769 -3.27061 -2.96362 -2.65685 -2.35107 -2.04549 -1.73882 -1.43107 -1.12352 -0.817393 -0.513044 -0.21047 0.0912161 0.394397 0.700591 1.00919 1.31662 1.62389 1.93209 2.23612 2.5375 2.84213 3.1511 3.45816 3.76129 4.0634 4.3698 4.6842 4.99999
-9.99999 -9.69355 -9.38712 -9.08066 -8.77423 -8.46779 -8.16134 -7.8549 -7.54845 -7.24203 -6.93569 -6.62972 -6.32495 -6.0218 -5.71885 -5.41439 -5.10858 -4.80227 -4.49586 -4.18943 -3.88286 -3.57663 -3.27035 -2.9634 -2.65666 -2.35087 -2.04525 -1.73862 -1.43094 -1.12346 -0.81734 -0.512902 -0.210151 0.0917574 0.395086 0.701276 1.00975 1.31712 1.62433 1.93243 2.23655 2.53817 2.84288 3.15171 3.45872 3.762 4.06431 4.3707 4.68468 4.99999
-9.99999 -9.69357 -9.38715 -9.08071 -8.7743 -8.46788 -8.16144 -7.85502 -7.54858 -7.24219 -6.93585 -6.62987 -6.32503 -6.02173 -5.71861 -5.41406 -5.10823 -4.80194 -4.49554 -4.18912 -3.88258 -3.57635 -3.27008 -2.96318 -2.65647 -2.35066 -2.04502 -1.73841 -1.43082 -1.12341 -0.817286 -0.51276 -0.209831 0.0922986 0.395774 0.701961 1.01031 1.31761 1.62477 1.93276 2.23699 2.53885 2.84363 3.15232 3.45928 3.76271 4.06522 4.3716 4.68516 4.99999
-9.99999 -9.69359 -9.38719 -9.08077 -8.77436 -8.46796 -8.16154 -7.85514 -7.54872 -7.24234 -6.93601 -6.63003 -6.32512 -6.02165 -5.71837 -5.41373 -5.10789 -4.80161 -4.49522 -4.18882 -3.8823 -3.57608 -3.26982 -2.96296 -2.65628 -2.35045 -2.04478 -1.7382 -1.43069 -1.12336 -0.817233 -0.512618 -0.209512 0.0928398 0.396462 0.702645 1.01087 1.31811 1.62521 1.9331 2.23743 2.53953 2.84438 3.15293 3.45984 3.76343 4.06613 4.3725 4.68565 4.99999
-9.99999 -9.69361 -9.38722 -9.08082 -8.77443 -8.46805 -8.16164 -7.85526 -7.54885 -7.24249 -6.93618 -6.63018 -6.3252 -6.02158 -5.71813 -5.41341 -5.10754 -4.80127 -4.4949 -4.18852 -3.88202 -3.5758 -3.26955 -2.96274 -2.65609 -2.35025 -2.04455 -1.738 -1.43057 -1.1233 -0.81718 -0.512476 -0.209193 0.0933811 0.39715 0.70333 1.01143 1.3186 1.62564 1.93343 2.23787 2.5402 2.84513 3.15353 3.4604 3.76414 4.06705 4.37339 4.68613 4.99999
-9.99999 -9.69362 -9.38725 -9.08087 -8.7745 -8.46813 -8.16174 -7.85537 -7.54899 -7.24264 -6.93634 -6.63034 -6.32528 -6.02151 -5.71789 -5.41308 -5.1072 -4.80094 -4.49458 -4.18822 -3.88174 -3.57553 -3.26929 -2.96251 -2.6559 -2.35004 -2.04432 -1.73779 -1.43044 -1.12325 -0.817126 -0.512334 -0.208873 0.0939223 0.397839 0.704015 1.012 1.3191 1.62608 1.93376 2.23831 2.54088 2.84588 3.15414 3.46097 3.76485 4.06796 4.37429 4.68662 4.99999
-9.99999 -9.69364 -9.38729 -9.08092 -8.77457 -8.46821 -8.16185 -7.85549 -7.54912 -7.24279 -6.9365 -6.63049 -6.32537 -6.02143 -5.71765 -5.41275 -5.10686 -4.8006 -4.49427 -4.18791 -3.88146 -3.57526 -3.26902 -2.96229 -2.65571 -2.34983 -2.04408 -1.73759 -1.43032 -1.1232 -0.817073 -0.512192 -0.208554 0.0944635 0.398527 0.7047 1.01256 1.31959 1.62652 1.9341 2.23875 2.54155 2.84663 3.15475 3.46153 3.76556 4.06887 4.37519 4.6871 4.99999
-9.99999 -9.69366 -9.38732 -9.08097 -8.77463 -8.4683 -8.16195 -7.85561 -7.54926 -7.24294 -6.93666 -6.63065 -6.32545 -6.02136 -5.71741 -5.41242 -5.10651 -4.80027 -4.49395 -4.18761 -3.88118 -3.57498 -3.26875 -2.96207 -2.65552 -2.34963 -2.04385 -1.73738 -1.43019 -1.12314 -0.81702 -0.51205 -0.208234 0.0950048 0.399215 0.705384 1.01312 1.32009 1.62696 1.93443 2.23919 2.54223 2.84738 3.15536 3.46209 3.76627 4.06978 4.37609 4.68758 4.99999
-9.99999 -9.69367 -9.38735 -9.08102 -8.7747 -8.46838 -8.16205 -7.85573 -7.5494 -7.24309 -6.93683 -6.6308 -6.32553 -6.02129 -5.71717 -5.4121 -5.10617 -4.79993 -4.49363 -4.18731 -3.8809 -3.57471 -3.26849 -2.96185 -2.65533 -2.34942 -2.04362 -1.73717 -1.43007 -1.12309 -0.816966 -0.511908 -0.207915 0.095546 0.399904 0.706069 1.01368 1.32059 1.6274 1.93477 2.23963 2.54291 2.84813 3.15597 3.46265 3.76698 4.07069 4.37698 4.68807 4.99999
-9.99999 -9.69369 -9.38739 -9.08107 -8.77477 -8.46847 -8.16215 -7.85585 -7.54953 -7.24324 -6.93699 -6.63096 -6.32562 -6.02121 -5.71693 -5.41177 -5.10582 -4.7996 -4.49331 -4.187 -3.88062 -3.57444 -3.26822 -2.96163 -2.65514 -2.34921 -2.04338 -1.73697 -1.42994 -1.12304 -0.816913 -0.511766 -0.207595 0.0960872 0.400592 0.706754 1.01424 1.32108 1.62783 1.9351 2.24007 2.54358 2.84888 3.15657 3.46321 3.76769 4.0716 4.37788 4.68855 4.99999
-9.99999 -9.69371 -9.38742 -9.08112 -8.77484 -8.46855 -8.16225 -7.85596 -7.54967 -7.24339 -6.93715 -6.63111 -6.3257 -6.02114 -5.71669 -5.41144 -5.10548 -4.79926 -4.49299 -4.1867 -3.88035 -3.57416 -3.26796 -2.9614 -2.65495 -2.34901 -2.04315 -1.73676 -1.42982 -1.12298 -0.81686 -0.511624 -0.207276 0.0966285 0.40128 0.707438 1.0148 1.32158 1.62827 1.93543 2.24051 2.54426 2.84963 3.15718 3.46377 3.7684 4.07252 4.37878 4.68904 4.99999
-9.99999 -9.69372 -9.38745 -9.08117 -8.7749 -8.46863 -8.16235 -7.85608 -7.5498 -7.24354 -6.93731 -6.63126 -6.32578 -6.02107 -5.71645 -5.41111 -5.10514 -4.79893 -4.49267 -4.1864 -3.88007 -3.57389 -3.26769 -2.96118 -2.65476 -2.3488 -2.04292 -1.73655 -1.42969 -1.12293 -0.816806 -0.511482 -0.206957 0.0971697 0.401969 0.708123 1.01536 1.32207 1.62871 1.93577 2.24095 2.54494 2.85039 3.15779 3.46433 3.76911 4.07343 4.37968 4.68952 4.99999
-10 -9.69374 -9.38749 -9.08122 -8.77497 -8.46872 -8.16245 -7.8562 -7.54994 -7.24369 -6.93748 -6.63142 -6.32587 -6.02099 -5.71621 -5.41078 -5.10479 -4.79859 -4.49235 -4.1861 -3.87979 -3.57362 -3.26743 -2.96096 -2.65457 -2.34859 -2.04268 -1.73635 -1.42957 -1.12288 -0.816753 -0.51134 -0.206637 0.0977109 0.402657 0.708808 1.01592 1.32257 1.62915 1.9361 2.24138 2.54561 2.85114 3.1584 3.4649 3.76982 4.07434 4.38057 4.69 5
-10 -9.69376 -9.38752 -9.08128 -8.77504 -8.4688 -8.16256 -7.85632 -7.55007 -7.24384 -6.93764 -6.63157 -6.32595 -6.02092 -5.71597 -5.41046 -5.10445 -4.79826 -4.49203 -4.18579 -3.87951 -3.57334 -3.26716 -2.96074 -2.65439 -2.34839 -2.04245 -1.73614 -1.42944 -1.12282 -0.8167 -0.511198 -0.206318 0.0982522 0.403345 0.709493 1.01648 1.32306 1.62959 1.93644 2.24182 2.54629 2.85189 3.15901 3.46546 3.77053 4.07525 4.38147 4.69049 5
-10 -9.69378 -9.38755 -9.08133 -8.77511 -8.46888 -8.16266 -7.85644 -7.55021 -7.24399 -6.9378 -6.63173 -6.32603 -6.02085 -5.71573 -5.41013 -5.1041 -4.79793 -4.49171 -4.18549 -3.87923 -3.57307 -3.2669 -2.96052 -2.6542 -2.34818 -2.04222 -1.73593 -1.42932 -1.12277 -0.816646 -0.511056 -0.205998 0.0987934 0.404033 0.710177 1.01704 1.32356 1.63002 1.93677 2.24226 2.54696 2.85264 3.15962 3.46602 3.77124 4.07616 4.38237 4.69097 5
-10 -9.69379 -9.38759 -9.08138 -8.77517 -8.46897 -8.16276 -7.85655 -7.55034 -7.24414 -6.93796 -6.63188 -6.32611 -6.02077 -5.71549 -5.4098 -5.10376 -4.79759 -4.49139 -4.18519 -3.87895 -3.5728 -3.26663 -2.96029 -2.65401 -2.34797 -2.04198 -1.73573 -1.42919 -1.12272 -0.816593 -0.510914 -0.205679 0.0993346 0.404722 0.710862 1.0176 1.32405 1.63046 1.9371 2.2427 2.54764 2.85339 3.16022 3.46658 3.77196 4.07707 4.38327 4.69146 5
-10 -9.69381 -9.38762 -9.08143 -8.77524 -8.46905 -8.16286 -7.85667 -7.55048 -7.2443 -6.93813 -6.63204 -6.3262 -6.0207 -5.71525 -5.40947 -5.10342 -4.79726 -4.49107 -4.18488 -3.87867 -3.57252 -3.26637 -2.96007 -2.65382 -2.34777 -2.04175 -1.73552 -1.42907 -1.12266 -0.81654 -0.510772 -0.205359 0.0998759 0.40541 0.711547 1.01816 1.32455 1.6309 1.93744 2.24314 2.54832 2.85414 3.16083 3.46714 3.77267 4.07799 4.38416 4.69194 5
-10 -9.69383 -9.38765 -9.08148 -8.77531 -8.46914 -8.16296 -7.85679 -7.55061 -7.24445 -6.93829 -6.63219 -6.32628 -6.02063 -5.71501 -5.40915 -5.10307 -4.79692 -4.49075 -4.18458 -3.87839 -3.57225 -3.2661 -2.95985 -2.65363 -2.34756 -2.04152 -1.73531 -1.42895 -1.12261 -0.816487 -0.51063 -0.20504 0.100417 0.406098 0.712232 1.01873 1.32504 1.63134 1.93777 2.24358 2.54899 2.85489 3.16144 3.4677 3.77338 4.0789 4.38506 4.69243 5
-10 -9.69384 -9.38769 -9.08153 -8.77538 -8.46922 -8.16306 -7.85691 -7.55075 -7.2446 -6.93845 -6.63234 -6.32636 -6.02055 -5.71477 -5.40882 -5.10273 -4.79659 -4.49043 -4.18428 -3.87811 -3.57198 -3.26584 -2.95963 -2.65344 -2.34735 -2.04128 -1.73511 -1.42882 -1.12256 -0.816433 -0.510488 -0.20472 0.100958 0.406787 0.712916 1.01929 1.32554 1.63178 1.93811 2.24402 2.54967 2.85564 3.16205 3.46826 3.77409 4.07981 4.38596 4.69291 5
-10 -9.69386 -9.38772 -9.08158 -8.77544 -8.4693 -8.16316 -7.85702 -7.55088 -7.24475 -6.93861 -6.6325 -6.32645 -6.02048 -5.71453 -5.40849 -5.10238 -4.79625 -4.49012 -4.18398 -3.87783 -3.5717 -3.26557 -2.95941 -2.65325 -2.34715 -2.04105 -1.7349 -1.4287 -1.1225 -0.81638 -0.510346 -0.204401 0.1015 0.407475 0.713601 1.01985 1.32604 1.63221 1.93844 2.24446 2.55034 2.85639 3.16266 3.46883 3.7748 4.08072 4.38686 4.69339 5
-10 -9.69388 -9.38776 -9.08163 -8.77551 -8.46939 -8.16327 -7.85714 -7.55102 -7.2449 -6.93878 -6.63265 -6.32653 -6.02041 -5.71429 -5.40816 -5.10204 -4.79592 -4.4898 -4.18367 -3.87755 -3.57143 -3.26531 -2.95918 -2.65306 -2.34694 -2.04082 -1.73469 -1.42857 -1.12245 -0.816327 -0.510204 -0.204082 0.102041 0.408163 0.714286 1.02041 1.32653 1.63265 1.93878 2.2449 2.55102 2.85714 3.16327 3.46939 3.77551 4.08163 4.38776 4.69388 5
