3 3 3 3 3 3 3 3 3 3 
2.66667 2.66669 2.67011 2.69299 2.69443 2.69427 2.68151 2.66688 2.66667 2.66667 
2.33333 2.33339 2.34023 2.38599 2.38887 2.38854 2.36302 2.33375 2.33334 2.33333 
2 2.00008 2.01034 2.07898 2.0833 2.08281 2.04454 2.00063 2 2 
1.66667 1.66677 1.68046 1.77198 1.77774 1.77707 1.72605 1.66751 1.66667 1.66667 
1.33333 1.33346 1.35057 1.46497 1.47217 1.47134 1.40756 1.33439 1.33334 1.33333 
1 1.00016 1.02069 1.15797 1.16661 1.16561 1.08907 1.00126 1.00001 1 
0.666668 0.666849 0.690804 0.850964 0.861041 0.85988 0.770585 0.66814 0.666677 0.666667 
0.333335 0.333541 0.360918 0.543959 0.555475 0.554149 0.452097 0.335017 0.333345 0.333333 
1.53631e-06 0.000234015 0.0310332 0.236954 0.249909 0.248417 0.133609 0.0018945 1.3364e-05 7.64887e-08 
