11 11.0204 11.0408 11.0612 11.0816 11.102 11.1224 11.1429 11.1633 11.1837 11.2041 11.2245 11.2449 11.2653 11.2857 11.3061 11.3265 11.3469 11.3673 11.3878 11.4082 11.4286 11.449 11.4694 11.4898 11.5102 11.5306 11.551 11.5714 11.5918 11.6122 11.6327 11.6531 11.6735 11.6939 11.7143 11.7347 11.7551 11.7755 11.7959 11.8163 11.8367 11.8571 11.8776 11.898 11.9184 11.9388 11.9592 11.9796 12
10.9184 10.9379 10.9574 10.9769 10.9963 11.0157 11.035 11.0543 11.0736 11.0928 11.112 11.1312 11.1503 11.1694 11.1885 11.2075 11.2265 11.2456 11.2645 11.2835 11.3025 11.3215 11.3404 11.3593 11.3783 11.3972 11.4162 11.4351 11.4541 11.473 11.492 11.511 11.53 11.549 11.568 11.587 11.6061 11.6252 11.6443 11.6635 11.6827 11.7019 11.7212 11.7405 11.7598 11.7792 11.7986 11.8181 11.8376 11.8571
10.8367 10.8554 10.874 10.8926 10.911 10.9293 10.9476 10.9658 10.9839 11.002 11.0199 11.0378 11.0557 11.0735 11.0912 11.1089 11.1266 11.1442 11.1618 11.1793 11.1968 11.2143 11.2318 11.2493 11.2668 11.2842 11.3017 11.3192 11.3367 11.3542 11.3717 11.3893 11.4068 11.4245 11.4421 11.4598 11.4775 11.4953 11.5132 11.5311 11.5491 11.5671 11.5852 11.6034 11.6217 11.64 11.6585 11.677 11.6956 11.7143
10.7551 10.7729 10.7907 10.8082 10.8257 10.843 10.8602 10.8773 10.8942 10.9111 10.9279 10.9445 10.9611 10.9776 10.994 11.0103 11.0266 11.0428 11.059 11.0751 11.0912 11.1072 11.1232 11.1393 11.1553 11.1713 11.1873 11.2033 11.2193 11.2354 11.2515 11.2676 11.2837 11.3 11.3162 11.3326 11.349 11.3654 11.382 11.3987 11.4154 11.4323 11.4492 11.4663 11.4835 11.5009 11.5183 11.5359 11.5536 11.5714
10.6735 10.6905 10.7073 10.7239 10.7404 10.7567 10.7728 10.7888 10.8046 10.8202 10.8358 10.8512 10.8665 10.8817 10.8967 10.9117 10.9266 10.9414 10.9562 10.9709 10.9855 11.0001 11.0147 11.0292 11.0438 11.0583 11.0728 11.0874 11.1019 11.1165 11.1312 11.1459 11.1606 11.1754 11.1903 11.2053 11.2204 11.2356 11.2508 11.2663 11.2818 11.2975 11.3133 11.3293 11.3454 11.3617 11.3781 11.3948 11.4116 11.4286
10.5918 10.608 10.6239 10.6396 10.655 10.6703 10.6854 10.7002 10.7149 10.7294 10.7437 10.7579 10.7719 10.7857 10.7995 10.8131 10.8266 10.84 10.8534 10.8666 10.8798 10.893 10.9061 10.9192 10.9322 10.9453 10.9584 10.9715 10.9846 10.9977 11.0109 11.0242 11.0375 11.0509 11.0645 11.0781 11.0918 11.1057 11.1197 11.1338 11.1482 11.1627 11.1773 11.1922 11.2072 11.2225 11.238 11.2537 11.2696 11.2857
10.5102 10.5255 10.5405 10.5552 10.5697 10.584 10.598 10.6117 10.6252 10.6385 10.6516 10.6645 10.6773 10.6898 10.7022 10.7145 10.7266 10.7386 10.7506 10.7624 10.7742 10.7859 10.7975 10.8091 10.8207 10.8323 10.8439 10.8555 10.8672 10.8789 10.8907 10.9025 10.9144 10.9264 10.9386 10.9508 10.9632 10.9758 10.9885 11.0014 11.0145 11.0278 11.0414 11.0551 11.0691 11.0833 11.0978 11.1126 11.1276 11.1429
10.4286 10.443 10.4571 10.4709 10.4844 10.4976 10.5105 10.5232 10.5356 10.5477 10.5596 10.5712 10.5827 10.5939 10.605 10.6159 10.6266 10.6373 10.6478 10.6582 10.6685 10.6787 10.6889 10.6991 10.7092 10.7193 10.7295 10.7396 10.7498 10.7601 10.7704 10.7808 10.7913 10.8019 10.8127 10.8236 10.8347 10.8459 10.8574 10.869 10.8809 10.893 10.9054 10.918 10.931 10.9442 10.9577 10.9715 10.9856 11
10.3469 10.3605 10.3737 10.3866 10.3991 10.4113 10.4231 10.4347 10.4459 10.4568 10.4675 10.4779 10.4881 10.498 10.5077 10.5173 10.5267 10.5359 10.545 10.5539 10.5628 10.5716 10.5804 10.589 10.5977 10.6064 10.615 10.6237 10.6325 10.6413 10.6501 10.6591 10.6682 10.6774 10.6868 10.6963 10.7061 10.716 10.7262 10.7366 10.7473 10.7582 10.7694 10.781 10.7928 10.805 10.8175 10.8304 10.8436 10.8571
10.2653 10.278 10.2903 10.3022 10.3138 10.3249 10.3357 10.3461 10.3562 10.366 10.3754 10.3846 10.3935 10.4021 10.4105 10.4187 10.4267 10.4345 10.4422 10.4497 10.4572 10.4645 10.4718 10.479 10.4862 10.4934 10.5006 10.5078 10.5151 10.5224 10.5299 10.5374 10.5451 10.5529 10.5609 10.5691 10.5775 10.5861 10.595 10.6042 10.6136 10.6234 10.6335 10.6439 10.6547 10.6658 10.6773 10.6893 10.7016 10.7143
10.1837 10.1955 10.2069 10.2179 10.2285 10.2386 10.2483 10.2576 10.2665 10.2751 10.2833 10.2912 10.2988 10.3062 10.3132 10.3201 10.3267 10.3331 10.3394 10.3455 10.3515 10.3574 10.3632 10.369 10.3747 10.3804 10.3861 10.3919 10.3977 10.4036 10.4096 10.4157 10.422 10.4284 10.435 10.4419 10.4489 10.4563 10.4639 10.4718 10.48 10.4886 10.4975 10.5068 10.5165 10.5266 10.5372 10.5482 10.5596 10.5714
10.102 10.113 10.1236 10.1336 10.1431 10.1522 10.1609 10.1691 10.1769 10.1843 10.1913 10.1979 10.2042 10.2103 10.216 10.2215 10.2267 10.2317 10.2366 10.2413 10.2458 10.2503 10.2546 10.2589 10.2632 10.2674 10.2717 10.276 10.2803 10.2848 10.2893 10.294 10.2989 10.3039 10.3092 10.3146 10.3204 10.3264 10.3327 10.3394 10.3464 10.3537 10.3615 10.3697 10.3784 10.3875 10.397 10.4071 10.4176 10.4286
10.0204 10.0306 10.0402 10.0493 10.0578 10.0659 10.0735 10.0806 10.0872 10.0934 10.0992 10.1046 10.1096 10.1143 10.1187 10.1229 10.1267 10.1303 10.1338 10.137 10.1402 10.1431 10.146 10.1489 10.1517 10.1545 10.1572 10.1601 10.163 10.166 10.1691 10.1723 10.1758 10.1794 10.1833 10.1874 10.1918 10.1965 10.2015 10.2069 10.2127 10.2189 10.2256 10.2327 10.2402 10.2483 10.2569 10.266 10.2756 10.2857
9.93878 9.94807 9.95678 9.96492 9.97251 9.97954 9.98604 9.99203 9.99752 10.0025 10.0071 10.0113 10.015 10.0184 10.0215 10.0243 10.0267 10.029 10.031 10.0328 10.0345 10.036 10.0375 10.0388 10.0402 10.0415 10.0428 10.0442 10.0456 10.0471 10.0488 10.0506 10.0527 10.0549 10.0574 10.0601 10.0632 10.0666 10.0704 10.0745 10.0791 10.0841 10.0896 10.0956 10.1021 10.1091 10.1167 10.1249 10.1336 10.1429
9.85714 9.86558 9.87339 9.88059 9.88719 9.89319 9.89862 9.9035 9.90784 9.91168 9.91504 9.91794 9.92043 9.92252 9.92425 9.92565 9.92675 9.92758 9.92819 9.92859 9.92882 9.92891 9.92889 9.92879 9.92865 9.92849 9.92835 9.92826 9.92824 9.92833 9.92855 9.92895 9.92956 9.93039 9.9315 9.9329 9.93463 9.93672 9.9392 9.94211 9.94546 9.9493 9.95364 9.95852 9.96395 9.96995 9.97655 9.98375 9.99156 10
9.77551 9.78309 9.79001 9.79626 9.80187 9.80685 9.81121 9.81497 9.81817 9.82082 9.82296 9.82462 9.82582 9.8266 9.827 9.82704 9.82676 9.8262 9.82539 9.82436 9.82315 9.82179 9.82031 9.81875 9.81714 9.81551 9.8139 9.81234 9.81087 9.80951 9.80829 9.80726 9.80645 9.80589 9.80561 9.80566 9.80605 9.80683 9.80803 9.80969 9.81183 9.81448 9.81768 9.82145 9.82581 9.83078 9.83639 9.84265 9.84956 9.85714
9.69388 9.7006 9.70662 9.71193 9.71655 9.7205 9.72379 9.72645 9.7285 9.72997 9.73089 9.73129 9.73121 9.73069 9.72975 9.72843 9.72678 9.72482 9.72259 9.72014 9.71748 9.71467 9.71173 9.70871 9.70563 9.70253 9.69946 9.69643 9.69349 9.69068 9.68803 9.68557 9.68334 9.68138 9.67973 9.67841 9.67748 9.67695 9.67687 9.67727 9.6782 9.67967 9.68171 9.68437 9.68766 9.69161 9.69623 9.70155 9.70756 9.71429
9.61224 9.61811 9.62323 9.6276 9.63124 9.63415 9.63638 9.63792 9.63882 9.63911 9.63881 9.63797 9.63661 9.63477 9.6325 9.62983 9.62679 9.62344 9.6198 9.61591 9.61181 9.60755 9.60315 9.59866 9.59412 9.58955 9.58501 9.58052 9.57612 9.57186 9.56776 9.56388 9.56024 9.55688 9.55385 9.55117 9.5489 9.54706 9.5457 9.54486 9.54456 9.54485 9.54575 9.5473 9.54952 9.55244 9.55607 9.56044 9.56556 9.57143
9.53061 9.53563 9.53984 9.54327 9.54592 9.54781 9.54896 9.5494 9.54915 9.54825 9.54674 9.54464 9.542 9.53886 9.53525 9.53122 9.52681 9.52205 9.517 9.51168 9.50614 9.50043 9.49458 9.48862 9.48261 9.47657 9.47056 9.46461 9.45875 9.45304 9.4475 9.44218 9.43713 9.43237 9.42796 9.42393 9.42032 9.41718 9.41454 9.41244 9.41093 9.41003 9.40979 9.41022 9.41137 9.41326 9.41591 9.41934 9.42356 9.42857
9.44898 9.45314 9.45646 9.45894 9.4606 9.46146 9.46154 9.46087 9.45948 9.4574 9.45467 9.45132 9.4474 9.44295 9.43801 9.43262 9.42683 9.42067 9.4142 9.40746 9.40048 9.39331 9.386 9.37858 9.3711 9.3636 9.35612 9.3487 9.34138 9.33422 9.32724 9.32049 9.31402 9.30787 9.30208 9.29669 9.29175 9.28729 9.28337 9.28003 9.2773 9.27521 9.27382 9.27315 9.27323 9.27409 9.27575 9.27824 9.28156 9.28571
9.36735 9.37065 9.37307 9.37461 9.37528 9.37512 9.37413 9.37235 9.36981 9.36654 9.36259 9.358 9.35279 9.34703 9.34076 9.33401 9.32684 9.31929 9.31141 9.30323 9.29481 9.28619 9.27742 9.26854 9.25959 9.25062 9.24167 9.23278 9.22401 9.21539 9.20697 9.1988 9.19091 9.18336 9.17619 9.16945 9.16317 9.15741 9.15221 9.14761 9.14366 9.1404 9.13786 9.13608 9.13509 9.13492 9.1356 9.13714 9.13955 9.14286
9.28571 9.28816 9.28968 9.29028 9.28997 9.28877 9.28671 9.28382 9.28013 9.27568 9.27052 9.26467 9.25819 9.25112 9.24351 9.23541 9.22686 9.21791 9.20861 9.19901 9.18914 9.17907 9.16884 9.15849 9.14808 9.13764 9.12722 9.11687 9.10664 9.09657 9.08671 9.0771 9.06781 9.05886 9.05031 9.0422 9.03459 9.02753 9.02104 9.0152 9.01003 9.00558 9.00189 8.999 8.99694 8.99575 8.99544 8.99603 8.99755 9
9.20408 9.20568 9.20629 9.20595 9.20465 9.20242 9.1993 9.1953 9.19046 9.18483 9.17844 9.17135 9.16358 9.15521 9.14626 9.1368 9.12687 9.11652 9.10581 9.09478 9.08347 9.07196 9.06026 9.04845 9.03657 9.02466 9.01277 9.00096 8.98927 8.97775 8.96645 8.95541 8.9447 8.93435 8.92442 8.91496 8.90602 8.89764 8.88988 8.88278 8.8764 8.87076 8.86593 8.86193 8.8588 8.85658 8.85528 8.85493 8.85555 8.85714
9.12245 9.12319 9.12291 9.12162 9.11933 9.11608 9.11188 9.10677 9.10079 9.09397 9.08637 9.07802 9.06898 9.05929 9.04902 9.0382 9.02689 9.01514 9.00302 8.99055 8.97781 8.96484 8.95169 8.93841 8.92506 8.91168 8.89833 8.88505 8.8719 8.85893 8.84618 8.83372 8.82159 8.80985 8.79854 8.78772 8.77744 8.76776 8.75871 8.75037 8.74276 8.73595 8.72996 8.72486 8.72066 8.7174 8.71512 8.71383 8.71355 8.71429
9.04082 9.0407 9.03952 9.03728 9.03401 9.02973 9.02446 9.01825 9.01111 9.00311 8.99429 8.9847 8.97437 8.96338 8.95177 8.93959 8.9269 8.91376 8.90022 8.88633 8.87214 8.85772 8.84311 8.82837 8.81355 8.7987 8.78388 8.76914 8.75453 8.74011 8.72592 8.71203 8.69848 8.68534 8.67266 8.66048 8.64887 8.63787 8.62755 8.61795 8.60913 8.60113 8.594 8.58778 8.58251 8.57823 8.57496 8.57273 8.57155 8.57143
8.95918 8.95821 8.95613 8.95295 8.9487 8.94339 8.93705 8.92972 8.92144 8.91226 8.90222 8.89137 8.87977 8.86747 8.85452 8.84098 8.82692 8.81238 8.79742 8.7821 8.76647 8.7506 8.73453 8.71832 8.70204 8.68572 8.66943 8.65323 8.63716 8.62128 8.60565 8.59033 8.57538 8.56084 8.54677 8.53324 8.52029 8.50799 8.49638 8.48554 8.4755 8.46631 8.45804 8.45071 8.44437 8.43906 8.4348 8.43162 8.42954 8.42857
8.87755 8.87572 8.87274 8.86862 8.86338 8.85704 8.84963 8.84119 8.83177 8.8214 8.81014 8.79805 8.78516 8.77155 8.75727 8.74238 8.72693 8.711 8.69462 8.67787 8.6608 8.64348 8.62595 8.60828 8.59053 8.57274 8.55499 8.53731 8.51979 8.50246 8.48539 8.46864 8.45227 8.43633 8.42089 8.40599 8.39171 8.3781 8.36522 8.35312 8.34186 8.3315 8.32207 8.31363 8.30623 8.29989 8.29464 8.29052 8.28754 8.28571
8.79592 8.79324 8.78936 8.78429 8.77806 8.77069 8.76221 8.75267 8.7421 8.73054 8.71807 8.70472 8.69056 8.67564 8.66002 8.64377 8.62695 8.60961 8.59183 8.57365 8.55514 8.53636 8.51737 8.49824 8.47902 8.45976 8.44054 8.4214 8.40241 8.38364 8.36513 8.34695 8.32916 8.31183 8.295 8.27875 8.26314 8.24822 8.23405 8.22071 8.20823 8.19668 8.18611 8.17656 8.16808 8.16071 8.15448 8.14942 8.14554 8.14286
8.71429 8.71075 8.70597 8.69996 8.69274 8.68435 8.6748 8.66414 8.65242 8.63969 8.62599 8.6114 8.59595 8.57972 8.56278 8.54517 8.52697 8.50823 8.48903 8.46942 8.44947 8.42924 8.40879 8.3882 8.36751 8.34678 8.32609 8.30549 8.28504 8.26482 8.24486 8.22526 8.20606 8.18732 8.16912 8.15151 8.13456 8.11833 8.10289 8.08829 8.0746 8.06186 8.05014 8.03949 8.02994 8.02154 8.01432 8.00832 8.00354 8
8.63265 8.62826 8.62258 8.61563 8.60743 8.598 8.58738 8.57562 8.56275 8.54883 8.53392 8.51807 8.50135 8.48381 8.46553 8.44656 8.42698 8.40685 8.38623 8.3652 8.3438 8.32212 8.30022 8.27815 8.25599 8.2338 8.21164 8.18958 8.16767 8.146 8.1246 8.10356 8.08295 8.06282 8.04323 8.02427 8.00599 7.98845 7.97172 7.95588 7.94097 7.92705 7.91418 7.90241 7.8918 7.88237 7.87417 7.86721 7.86154 7.85714
8.55102 8.54577 8.53919 8.5313 8.52211 8.51165 8.49997 8.48709 8.47308 8.45797 8.44184 8.42475 8.40674 8.3879 8.36828 8.34796 8.327 8.30547 8.28344 8.26097 8.23813 8.215 8.19164 8.16811 8.14448 8.12082 8.0972 8.07367 8.0503 8.02717 8.00434 7.98187 7.95984 7.93831 7.91735 7.89703 7.87741 7.85856 7.84056 7.82346 7.80733 7.79223 7.77821 7.76534 7.75365 7.7432 7.73401 7.72611 7.71953 7.71429
8.46939 8.46328 8.45581 8.44697 8.43679 8.42531 8.41255 8.39857 8.3834 8.36712 8.34977 8.33142 8.31214 8.29198 8.27103 8.24935 8.22701 8.20408 8.18064 8.15674 8.13246 8.10789 8.08306 8.05807 8.03297 8.00784 7.98275 7.95776 7.93293 7.90835 7.88407 7.86018 7.83673 7.8138 7.79147 7.76978 7.74883 7.72868 7.70939 7.69105 7.6737 7.65741 7.64225 7.62827 7.61551 7.60402 7.59385 7.58501 7.57753 7.57143
8.38776 8.3808 8.37242 8.36264 8.35147 8.33896 8.32513 8.31004 8.29373 8.27626 8.2577 8.2381 8.21753 8.19607 8.17378 8.15075 8.12703 8.1027 8.07784 8.05252 8.0268 8.00077 7.97448 7.94802 7.92146 7.89486 7.8683 7.84184 7.81556 7.78953 7.76381 7.73848 7.71363 7.6893 7.66558 7.64254 7.62026 7.59879 7.57823 7.55863 7.54007 7.5226 7.50629 7.49119 7.47736 7.46485 7.45369 7.44391 7.43553 7.42857
8.30612 8.29831 8.28903 8.27831 8.26616 8.25262 8.23772 8.22152 8.20406 8.1854 8.16562 8.14477 8.12293 8.10016 8.07654 8.05214 8.02704 8.00132 7.97505 7.94829 7.92113 7.89365 7.8659 7.83798 7.80995 7.78188 7.75385 7.72593 7.69819 7.67071 7.64355 7.61679 7.59052 7.56479 7.5397 7.5153 7.49168 7.46891 7.44706 7.42622 7.40643 7.38778 7.37032 7.35412 7.33922 7.32568 7.31353 7.3028 7.29353 7.28571
8.22449 8.21582 8.20564 8.19398 8.18084 8.16627 8.1503 8.13299 8.11438 8.09455 8.07355 8.05145 8.02832 8.00424 7.97929 7.95353 7.92706 7.89994 7.87225 7.84407 7.81546 7.78653 7.75733 7.72794 7.69844 7.6689 7.63941 7.61002 7.58082 7.55189 7.52328 7.4951 7.46741 7.44029 7.41381 7.38806 7.3631 7.33903 7.3159 7.2938 7.2728 7.25296 7.23436 7.21704 7.20108 7.18651 7.17337 7.1617 7.15153 7.14286
8.14286 8.13333 8.12226 8.10965 8.09552 8.07992 8.06289 8.04446 8.02471 8.00369 7.98147 7.95812 7.93372 7.90833 7.88204 7.85493 7.82707 7.79855 7.76945 7.73984 7.70979 7.67941 7.64875 7.6179 7.58693 7.55592 7.52496 7.49411 7.46345 7.43306 7.40302 7.37341 7.3443 7.31578 7.28793 7.26082 7.23453 7.20914 7.18473 7.16138 7.13917 7.11815 7.09839 7.07997 7.06293 7.04733 7.03321 7.0206 7.00952 7
8.06122 8.05084 8.03887 8.02532 8.01021 7.99358 7.97547 7.95594 7.93504 7.91283 7.8894 7.8648 7.83911 7.81242 7.78479 7.75632 7.72709 7.69717 7.66665 7.63561 7.60413 7.57229 7.54017 7.50785 7.47542 7.44295 7.41051 7.3782 7.34608 7.31424 7.28275 7.25171 7.2212 7.19128 7.16204 7.13357 7.10595 7.07926 7.05357 7.02897 7.00553 6.98333 6.96243 6.9429 6.92479 6.90816 6.89305 6.8795 6.86752 6.85714
7.97959 7.96836 7.95548 7.94098 7.92489 7.90723 7.88805 7.86741 7.84537 7.82198 7.79732 7.77148 7.74451 7.7165 7.68755 7.65772 7.6271 7.59579 7.56386 7.53139 7.49846 7.46517 7.43159 7.39781 7.36391 7.32997 7.29607 7.26228 7.22871 7.19542 7.16249 7.13002 7.09809 7.06677 7.03616 7.00633 6.97738 6.94937 6.9224 6.89655 6.8719 6.84851 6.82646 6.80582 6.78665 6.76899 6.75289 6.7384 6.72552 6.71429
7.89796 7.88587 7.8721 7.85665 7.83957 7.82088 7.80064 7.77889 7.75569 7.73112 7.70525 7.67815 7.6499 7.62059 7.5903 7.55911 7.52712 7.49441 7.46106 7.42716 7.39279 7.35805 7.32301 7.28777 7.2524 7.21699 7.18162 7.14637 7.11133 7.0766 7.04223 7.00833 6.97498 6.94227 6.91028 6.87909 6.8488 6.81949 6.79124 6.76414 6.73827 6.71369 6.6905 6.66875 6.6485 6.62982 6.61273 6.59729 6.58352 6.57143
7.81633 7.80338 7.78871 7.77232 7.75425 7.73454 7.71322 7.69036 7.66602 7.64026 7.61317 7.58483 7.5553 7.52467 7.49305 7.46051 7.42714 7.39302 7.35826 7.32293 7.28712 7.25093 7.21444 7.17773 7.14089 7.10401 7.06717 7.03046 6.99396 6.95777 6.92196 6.88663 6.85187 6.81776 6.78439 6.75185 6.72022 6.6896 6.66007 6.63172 6.60463 6.57888 6.55454 6.53168 6.51036 6.49065 6.47258 6.45619 6.44152 6.42857
7.73469 7.72089 7.70532 7.68799 7.66894 7.64819 7.62581 7.60184 7.57635 7.54941 7.5211 7.4915 7.46069 7.42876 7.3958 7.3619 7.32715 7.29164 7.25547 7.21871 7.18146 7.14382 7.10586 7.06768 7.02938 6.99103 6.95272 6.91455 6.87659 6.83895 6.8017 6.76494 6.72877 6.69326 6.65851 6.62461 6.59165 6.55972 6.52891 6.49931 6.471 6.44406 6.41857 6.3946 6.37222 6.35147 6.33242 6.31509 6.29951 6.28571
7.65306 7.63841 7.62193 7.60366 7.58362 7.56185 7.53839 7.51331 7.48667 7.45855 7.42902 7.39818 7.36609 7.33285 7.29855 7.2633 7.22717 7.19026 7.15267 7.11448 7.07579 7.0367 6.99728 6.95764 6.91787 6.87805 6.83828 6.79864 6.75922 6.72013 6.68144 6.64325 6.60566 6.56875 6.53262 6.49736 6.46307 6.42983 6.39774 6.36689 6.33737 6.30924 6.28261 6.25753 6.23407 6.2123 6.19226 6.17399 6.15751 6.14286
7.57143 7.55592 7.53855 7.51933 7.4983 7.4755 7.45097 7.42479 7.397 7.36769 7.33695 7.30485 7.27148 7.23693 7.20131 7.16469 7.12718 7.08888 7.04987 7.01026 6.97012 6.92958 6.8887 6.8476 6.80636 6.76507 6.72383 6.68273 6.64185 6.60131 6.56117 6.52156 6.48255 6.44425 6.40674 6.37012 6.3345 6.29995 6.26658 6.23448 6.20373 6.17443 6.14664 6.12046 6.09593 6.07313 6.0521 6.03288 6.01551 6
7.4898 7.47343 7.45516 7.435 7.41298 7.38915 7.36356 7.33626 7.30733 7.27684 7.24488 7.21153 7.17688 7.14102 7.10406 7.06608 7.0272 6.98749 6.94708 6.90603 6.86445 6.82246 6.78012 6.73756 6.69485 6.65209 6.60938 6.56681 6.52448 6.48249 6.44091 6.39986 6.35945 6.31974 6.28085 6.24288 6.20592 6.17006 6.13541 6.10206 6.0701 6.03961 6.01068 5.98338 5.95779 5.93396 5.91194 5.89178 5.87351 5.85714
7.40816 7.39094 7.37177 7.35067 7.32767 7.30281 7.27614 7.24773 7.21766 7.18598 7.1528 7.1182 7.08227 7.04511 7.00681 6.96748 6.92721 6.88611 6.84428 6.8018 6.75878 6.71534 6.67155 6.62751 6.58334 6.53911 6.49494 6.4509 6.40711 6.36366 6.32065 6.27817 6.23634 6.19524 6.15497 6.11564 6.07734 6.04018 6.00425 5.96965 5.93647 5.90479 5.87471 5.84631 5.81964 5.79478 5.77178 5.75068 5.73151 5.71429
7.32653 7.30845 7.28838 7.26634 7.24235 7.21646 7.18873 7.15921 7.12798 7.09512 7.06073 7.02488 6.98766 6.94919 6.90956 6.86887 6.82723 6.78473 6.74148 6.69758 6.65312 6.60822 6.56297 6.51747 6.47183 6.42613 6.38049 6.33499 6.28974 6.24484 6.20038 6.15648 6.11323 6.07073 6.02909 5.9884 5.94877 5.91029 5.87308 5.83723 5.80283 5.76998 5.73875 5.70923 5.6815 5.65561 5.63162 5.60958 5.58951 5.57143
7.2449 7.22597 7.205 7.18201 7.15703 7.13011 7.10131 7.07068 7.03831 7.00427 6.96865 6.93155 6.89306 6.85328 6.81232 6.77027 6.72724 6.68335 6.63868 6.59335 6.54745 6.5011 6.45439 6.40743 6.36032 6.31315 6.26604 6.21908 6.17237 6.12602 6.08012 6.03479 5.99012 5.94622 5.9032 5.86115 5.82019 5.78041 5.74192 5.70482 5.6692 5.63516 5.60279 5.57216 5.54335 5.51644 5.49146 5.46847 5.4475 5.42857
7.16327 7.14348 7.12161 7.09768 7.07171 7.04377 7.01389 6.98216 6.94864 6.91341 6.87658 6.83823 6.79845 6.75737 6.71507 6.67166 6.62726 6.58196 6.53589 6.48913 6.44178 6.39398 6.34581 6.29739 6.24881 6.20017 6.15159 6.10317 6.055 6.0072 5.95985 5.91309 5.86702 5.82172 5.77732 5.73391 5.69161 5.65053 5.61075 5.5724 5.53557 5.50034 5.46682 5.43509 5.40521 5.37727 5.3513 5.32737 5.3055 5.28571
7.08163 7.06099 7.03822 7.01335 6.9864 6.95742 6.92648 6.89363 6.85896 6.82255 6.7845 6.7449 6.70385 6.66145 6.61782 6.57306 6.52728 6.48058 6.43309 6.3849 6.33611 6.28686 6.23723 6.18734 6.1373 6.08719 6.03715 5.98726 5.93763 5.88838 5.83959 5.7914 5.74391 5.69721 5.65143 5.60667 5.56304 5.52064 5.47959 5.43999 5.40194 5.36553 5.33086 5.29801 5.26707 5.23809 5.21114 5.18627 5.1635 5.14286
7 6.9785 6.95483 6.92901 6.90108 6.87108 6.83906 6.80511 6.76929 6.7317 6.69243 6.65158 6.60924 6.56554 6.52057 6.47445 6.42729 6.3792 6.33029 6.28067 6.23045 6.17975 6.12866 6.0773 6.02579 5.97421 5.9227 5.87134 5.82025 5.76955 5.71933 5.66971 5.6208 5.57271 5.52555 5.47943 5.43446 5.39076 5.34842 5.30757 5.2683 5.23071 5.19489 5.16094 5.12892 5.09892 5.07099 5.04517 5.0215 5
